# 8
round 0
5,7,8,12,13,14,15,16
1,2,3,4,6,9,10,11,17,18,19,20
#
#round 1
#5,7,8,9,10,12,13,20
#1,2,3,4,6,11,14,15,16,17,18,19
#
#round 2
#5,7,8,9,10,12,13,16
#1,2,3,4,6,11,14,15,17,18,19,20
#
#round 3
#2,3,4,8,9,10,11,15
#1,5,6,7,12,13,14,16,17,18,19,20
#
#round 4
#1,2,3,5,6,7,9,13
#4,8,10,11,12,14,15,16,17,18,19,20
#
#round 5
#1,5,6,9,11,13,14,20
#2,3,4,7,8,10,12,15,16,17,18,19
#
#round 6
#8,12,13,14,15,17,19,20
#1,2,3,4,5,6,7,9,10,11,16,18
#
#round 7
#1,3,6,7,8,9,10,12
#2,4,5,11,13,14,15,16,17,18,19,20
#
#round 8
#1,7,8,11,12,14,16,20
#2,3,4,5,6,9,10,13,15,17,18,19
#
#round 9
#1,2,4,5,6,7,11,12
#3,8,9,10,13,14,15,16,17,18,19,20
#
#round 10
#4,6,9,10,12,15,17,19
#1,2,3,5,7,8,11,13,14,16,18,20
#
#round 11
#1,2,3,5,6,8,12,15
#4,7,9,10,11,13,14,16,17,18,19,20
#
#round 12
#1,2,3,5,7,8,14,16
#4,6,9,10,11,12,13,15,17,18,19,20
#
#round 13
#1,3,4,5,9,10,11,12
#2,6,7,8,13,14,15,16,17,18,19,20
#
#round 14
#4,8,9,10,11,12,13,19
#1,2,3,5,6,7,14,15,16,17,18,20
#
#round 15
#2,3,5,6,9,11,12,15
#1,4,7,8,10,13,14,16,17,18,19,20
#
#round 16
#1,7,8,10,11,12,14,16
#2,3,4,5,6,9,13,15,17,18,19,20
#
#round 17
#2,3,5,6,7,8,11,16
#1,4,9,10,12,13,14,15,17,18,19,20
#
#round 18
#1,2,4,5,6,10,15,19
#3,7,8,9,11,12,13,14,16,17,18,20
#
#round 19
#4,6,9,14,15,17,19,20
#1,2,3,5,7,8,10,11,12,13,16,18
#
#round 20
#2,3,6,7,8,10,15,19
#1,4,5,9,11,12,13,14,16,17,18,20
#
#round 21
#5,10,13,16,17,18,19,20
#1,2,3,4,6,7,8,9,11,12,14,15
#
#round 22
#1,5,8,12,13,14,17,20
#2,3,4,6,7,9,10,11,15,16,18,19
#
#round 23
#1,2,3,4,5,7,11,12
#6,8,9,10,13,14,15,16,17,18,19,20
#
#round 24
#1,5,6,8,12,13,15,20
#2,3,4,7,9,10,11,14,16,17,18,19
#
#round 25
#3,5,6,7,8,9,10,12
#1,2,4,11,13,14,15,16,17,18,19,20
#
#round 26
#1,2,3,5,7,9,13,16
#4,6,8,10,11,12,14,15,17,18,19,20
#
#round 27
#1,2,4,5,6,8,10,11
#3,7,9,12,13,14,15,16,17,18,19,20
#
#round 28
#3,5,11,12,13,15,16,18
#1,2,4,6,7,8,9,10,14,17,19,20
#
#round 29
#2,3,4,11,15,16,17,19
#1,5,6,7,8,9,10,12,13,14,18,20
#
#round 30
#3,4,6,8,9,11,12,18
#1,2,5,7,10,13,14,15,16,17,19,20
#
#round 31
#1,2,4,5,6,9,11,12
#3,7,8,10,13,14,15,16,17,18,19,20
#
#round 32
#4,5,6,7,8,11,13,16
#1,2,3,9,10,12,14,15,17,18,19,20
#
#round 33
#1,4,5,6,8,9,12,13
#2,3,7,10,11,14,15,16,17,18,19,20
#
#round 34
#1,4,5,6,8,10,11,13
#2,3,7,9,12,14,15,16,17,18,19,20
#
#round 35
#2,10,11,12,13,15,17,19
#1,3,4,5,6,7,8,9,14,16,18,20
#
#round 36
#1,2,3,5,9,10,11,12
#4,6,7,8,13,14,15,16,17,18,19,20
#
#round 37
#2,3,4,7,13,15,17,19
#1,5,6,8,9,10,11,12,14,16,18,20
#
#round 38
#1,5,8,11,12,13,14,16
#2,3,4,6,7,9,10,15,17,18,19,20
#
#round 39
#2,3,6,9,10,11,15,19
#1,4,5,7,8,12,13,14,16,17,18,20
#
#round 40
#1,2,5,7,9,13,14,16
#3,4,6,8,10,11,12,15,17,18,19,20
#
#round 41
#1,3,5,6,9,10,11,13
#2,4,7,8,12,14,15,16,17,18,19,20
#
#round 42
#9,10,12,14,15,17,19,20
#1,2,3,4,5,6,7,8,11,13,16,18
#
#round 43
#2,9,10,12,14,17,18,19
#1,3,4,5,6,7,8,11,13,15,16,20
#
#round 44
#4,7,8,13,14,17,19,20
#1,2,3,5,6,9,10,11,12,15,16,18
#
#round 45
#1,3,4,5,6,7,8,10
#2,9,11,12,13,14,15,16,17,18,19,20
#
#round 46
#1,5,8,10,11,14,16,20
#2,3,4,6,7,9,12,13,15,17,18,19
#
#round 47
#1,2,4,5,6,10,17,19
#3,7,8,9,11,12,13,14,15,16,18,20
#
#round 48
#2,5,7,8,11,13,14,16
#1,3,4,6,9,10,12,15,17,18,19,20
#
#round 49
#4,9,11,12,14,15,16,18
#1,2,3,5,6,7,8,10,13,17,19,20
#
#round 50
#2,5,7,8,9,10,13,16
#1,3,4,6,11,12,14,15,17,18,19,20
#
#round 51
#1,2,3,4,8,9,11,12
#5,6,7,10,13,14,15,16,17,18,19,20
#
#round 52
#2,4,8,14,15,16,17,19
#1,3,5,6,7,9,10,11,12,13,18,20
#
#round 53
#1,2,3,5,6,9,11,12
#4,7,8,10,13,14,15,16,17,18,19,20
#
#round 54
#3,4,5,6,7,8,9,10
#1,2,11,12,13,14,15,16,17,18,19,20
#
#round 55
#1,2,4,6,7,10,15,19
#3,5,8,9,11,12,13,14,16,17,18,20
#
#round 56
#1,2,4,5,6,7,9,12
#3,8,10,11,13,14,15,16,17,18,19,20
#
#round 57
#2,7,9,10,12,13,17,19
#1,3,4,5,6,8,11,14,15,16,18,20
#
#round 58
#2,4,6,7,8,10,15,17
#1,3,5,9,11,12,13,14,16,18,19,20
#
#round 59
#2,3,4,5,6,9,11,15
#1,7,8,10,12,13,14,16,17,18,19,20
#
#round 60
#2,3,4,5,6,7,8,11
#1,9,10,12,13,14,15,16,17,18,19,20
#
#round 61
#1,2,3,4,5,9,10,11
#6,7,8,12,13,14,15,16,17,18,19,20
#
#round 62
#4,8,9,13,15,16,19,20
#1,2,3,5,6,7,10,11,12,14,17,18
#
#round 63
#2,3,4,5,6,8,9,11
#1,7,10,12,13,14,15,16,17,18,19,20
#
#round 64
#1,4,5,7,10,11,13,16
#2,3,6,8,9,12,14,15,17,18,19,20
#
#round 65
#1,2,3,4,5,8,9,14
#6,7,10,11,12,13,15,16,17,18,19,20
#
#round 66
#1,3,4,5,6,8,11,20
#2,7,9,10,12,13,14,15,16,17,18,19
#
#round 67
#1,3,4,5,6,8,11,12
#2,7,9,10,13,14,15,16,17,18,19,20
#
#round 68
#2,5,6,7,14,15,16,17
#1,3,4,8,9,10,11,12,13,18,19,20
#
#round 69
#1,5,6,8,9,10,12,20
#2,3,4,7,11,13,14,15,16,17,18,19
#
#round 70
#10,11,14,15,16,17,19,20
#1,2,3,4,5,6,7,8,9,12,13,18
#
#round 71
#1,2,3,4,6,7,8,15
#5,9,10,11,12,13,14,16,17,18,19,20
#
#round 72
#1,3,4,6,10,15,17,19
#2,5,7,8,9,11,12,13,14,16,18,20
#
#round 73
#1,4,5,10,12,14,17,19
#2,3,6,7,8,9,11,13,15,16,18,20
#
#round 74
#1,2,3,4,5,8,9,10
#6,7,11,12,13,14,15,16,17,18,19,20
#
#round 75
#1,2,3,4,5,7,9,12
#6,8,10,11,13,14,15,16,17,18,19,20
#
#round 76
#1,4,5,12,14,15,16,19
#2,3,6,7,8,9,10,11,13,17,18,20
#
#round 77
#1,3,4,5,6,7,9,12
#2,8,10,11,13,14,15,16,17,18,19,20
#
#round 78
#2,3,9,10,11,12,17,19
#1,4,5,6,7,8,13,14,15,16,18,20
#
#round 79
#2,4,6,7,8,9,11,12
#1,3,5,10,13,14,15,16,17,18,19,20
#
#round 80
#1,3,4,5,6,10,15,17
#2,7,8,9,11,12,13,14,16,18,19,20
#
#round 81
#2,3,4,9,10,11,15,17
#1,5,6,7,8,12,13,14,16,18,19,20
#
#round 82
#1,3,4,6,8,9,10,11
#2,5,7,12,13,14,15,16,17,18,19,20
#
#round 83
#2,3,4,5,7,8,11,12
#1,6,9,10,13,14,15,16,17,18,19,20
#
#round 84
#3,5,7,8,9,13,14,16
#1,2,4,6,10,11,12,15,17,18,19,20
#
#round 85
#1,2,7,8,9,13,16,20
#3,4,5,6,10,11,12,14,15,17,18,19
#
#round 86
#1,5,6,7,11,13,14,16
#2,3,4,8,9,10,12,15,17,18,19,20
#
#round 87
#1,3,4,6,7,8,11,12
#2,5,9,10,13,14,15,16,17,18,19,20
#
#round 88
#2,7,8,9,11,13,16,20
#1,3,4,5,6,10,12,14,15,17,18,19
#
#round 89
#1,3,4,5,7,9,10,12
#2,6,8,11,13,14,15,16,17,18,19,20
#
#round 90
#3,4,5,6,7,8,11,12
#1,2,9,10,13,14,15,16,17,18,19,20
#
#round 91
#2,4,6,10,11,15,18,19
#1,3,5,7,8,9,12,13,14,16,17,20
#
#round 92
#2,3,5,6,7,8,10,11
#1,4,9,12,13,14,15,16,17,18,19,20
#
#round 93
#2,10,11,12,14,15,18,19
#1,3,4,5,6,7,8,9,13,16,17,20
#
#round 94
#9,10,11,13,15,16,18,20
#1,2,3,4,5,6,7,8,12,14,17,19
#
#round 95
#2,3,4,10,11,15,18,19
#1,5,6,7,8,9,12,13,14,16,17,20
#
#round 96
#1,2,3,5,6,8,11,12
#4,7,9,10,13,14,15,16,17,18,19,20
#
#round 97
#5,12,13,14,17,18,19,20
#1,2,3,4,6,7,8,9,10,11,15,16
#
#round 98
#1,3,5,8,9,12,13,14
#2,4,6,7,10,11,15,16,17,18,19,20
#
#round 99
#1,2,4,5,6,7,8,12
#3,9,10,11,13,14,15,16,17,18,19,20
#
#round 100
#2,4,5,6,9,11,12,15
#1,3,7,8,10,13,14,16,17,18,19,20
#
#round 101
#6,9,13,14,15,16,17,18
#1,2,3,4,5,7,8,10,11,12,19,20
#
#round 102
#2,4,6,7,9,11,13,15
#1,3,5,8,10,12,14,16,17,18,19,20
#
#round 103
#1,2,3,4,7,8,11,12
#5,6,9,10,13,14,15,16,17,18,19,20
#
#round 104
#1,4,7,8,10,11,12,14
#2,3,5,6,9,13,15,16,17,18,19,20
#
#round 105
#1,2,5,7,11,13,14,20
#3,4,6,8,9,10,12,15,16,17,18,19
#
#round 106
#1,3,5,6,8,10,11,12
#2,4,7,9,13,14,15,16,17,18,19,20
#
#round 107
#1,2,4,6,7,8,9,12
#3,5,10,11,13,14,15,16,17,18,19,20
#
#round 108
#1,2,3,5,6,7,9,10
#4,8,11,12,13,14,15,16,17,18,19,20
#
#round 109
#9,11,12,14,16,17,18,20
#1,2,3,4,5,6,7,8,10,13,15,19
#
#round 110
#2,5,6,8,9,10,11,20
#1,3,4,7,12,13,14,15,16,17,18,19
#
#round 111
#1,2,3,5,6,7,12,19
#4,8,9,10,11,13,14,15,16,17,18,20
#
#round 112
#1,2,4,6,7,8,10,15
#3,5,9,11,12,13,14,16,17,18,19,20
#
#round 113
#1,2,3,4,7,8,9,10
#5,6,11,12,13,14,15,16,17,18,19,20
#
#round 114
#1,4,5,8,11,13,14,20
#2,3,6,7,9,10,12,15,16,17,18,19
#
#round 115
#1,4,5,12,13,15,19,20
#2,3,6,7,8,9,10,11,14,16,17,18
#
#round 116
#1,2,3,6,7,8,11,12
#4,5,9,10,13,14,15,16,17,18,19,20
#
#round 117
#1,3,4,5,6,8,10,11
#2,7,9,12,13,14,15,16,17,18,19,20
#
#round 118
#1,3,4,5,6,12,15,17
#2,7,8,9,10,11,13,14,16,18,19,20
#
#round 119
#5,7,8,11,12,13,14,16
#1,2,3,4,6,9,10,15,17,18,19,20
#
#round 120
#1,3,4,5,6,9,11,12
#2,7,8,10,13,14,15,16,17,18,19,20
#
#round 121
#5,11,12,13,14,17,19,20
#1,2,3,4,6,7,8,9,10,15,16,18
#
#round 122
#1,3,13,15,16,17,19,20
#2,4,5,6,7,8,9,10,11,12,14,18
#
#round 123
#1,5,7,11,12,13,14,16
#2,3,4,6,8,9,10,15,17,18,19,20
#
#round 124
#1,5,12,13,14,15,19,20
#2,3,4,6,7,8,9,10,11,16,17,18
#
#round 125
#2,3,8,9,10,11,12,15
#1,4,5,6,7,13,14,16,17,18,19,20
#
#round 126
#1,4,5,8,9,13,14,16
#2,3,6,7,10,11,12,15,17,18,19,20
#
#round 127
#1,4,5,7,8,12,14,16
#2,3,6,9,10,11,13,15,17,18,19,20
#
#round 128
#1,2,3,5,7,8,13,14
#4,6,9,10,11,12,15,16,17,18,19,20
#
#round 129
#2,9,11,13,14,16,17,19
#1,3,4,5,6,7,8,10,12,15,18,20
#
#round 130
#1,3,4,7,8,11,13,20
#2,5,6,9,10,12,14,15,16,17,18,19
#
#round 131
#1,4,5,6,8,11,13,16
#2,3,7,9,10,12,14,15,17,18,19,20
#
#round 132
#1,2,3,4,5,6,8,9
#7,10,11,12,13,14,15,16,17,18,19,20
#
#round 133
#2,3,4,8,12,15,17,19
#1,5,6,7,9,10,11,13,14,16,18,20
#
#round 134
#1,6,7,8,9,13,14,16
#2,3,4,5,10,11,12,15,17,18,19,20
#
#round 135
#6,10,11,12,13,15,17,19
#1,2,3,4,5,7,8,9,14,16,18,20
#
#round 136
#1,4,5,8,9,13,16,20
#2,3,6,7,10,11,12,14,15,17,18,19
#
#round 137
#1,4,5,7,10,11,14,20
#2,3,6,8,9,12,13,15,16,17,18,19
#
#round 138
#1,2,3,4,5,8,9,12
#6,7,10,11,13,14,15,16,17,18,19,20
#
#round 139
#3,4,5,6,7,8,9,12
#1,2,10,11,13,14,15,16,17,18,19,20
#
#round 140
#1,4,5,7,10,11,12,16
#2,3,6,8,9,13,14,15,17,18,19,20
#
#round 141
#2,3,4,7,9,11,12,15
#1,5,6,8,10,13,14,16,17,18,19,20
#
#round 142
#1,2,4,5,6,8,11,13
#3,7,9,10,12,14,15,16,17,18,19,20
#
#round 143
#1,3,4,5,6,7,10,11
#2,8,9,12,13,14,15,16,17,18,19,20
#
#round 144
#1,2,3,4,6,7,8,11
#5,9,10,12,13,14,15,16,17,18,19,20
#
#round 145
#1,3,4,5,6,7,11,12
#2,8,9,10,13,14,15,16,17,18,19,20
#
#round 146
#3,4,5,6,7,8,11,14
#1,2,9,10,12,13,15,16,17,18,19,20
#
#round 147
#1,2,5,6,7,8,13,20
#3,4,9,10,11,12,14,15,16,17,18,19
#
#round 148
#1,5,7,12,13,14,16,17
#2,3,4,6,8,9,10,11,15,18,19,20
#
#round 149
#5,7,8,10,11,13,16,20
#1,2,3,4,6,9,12,14,15,17,18,19
#
#round 150
#1,5,6,8,11,14,16,20
#2,3,4,7,9,10,12,13,15,17,18,19
#
#round 151
#1,3,5,6,7,8,10,12
#2,4,9,11,13,14,15,16,17,18,19,20
#
#round 152
#4,7,9,13,14,15,16,18
#1,2,3,5,6,8,10,11,12,17,19,20
#
#round 153
#1,2,3,5,7,12,14,15
#4,6,8,9,10,11,13,16,17,18,19,20
#
#round 154
#2,3,4,8,9,10,11,19
#1,5,6,7,12,13,14,15,16,17,18,20
#
#round 155
#1,5,8,10,11,12,13,20
#2,3,4,6,7,9,14,15,16,17,18,19
#
#round 156
#1,7,8,9,10,12,13,20
#2,3,4,5,6,11,14,15,16,17,18,19
#
#round 157
#9,10,13,14,15,16,17,19
#1,2,3,4,5,6,7,8,11,12,18,20
#
#round 158
#1,2,3,5,6,7,8,12
#4,9,10,11,13,14,15,16,17,18,19,20
#
#round 159
#1,2,3,5,6,8,9,12
#4,7,10,11,13,14,15,16,17,18,19,20
#
#round 160
#1,3,4,6,15,16,17,19
#2,5,7,8,9,10,11,12,13,14,18,20
#
#round 161
#1,2,4,5,6,8,11,12
#3,7,9,10,13,14,15,16,17,18,19,20
#
#round 162
#4,9,10,11,13,15,17,20
#1,2,3,5,6,7,8,12,14,16,18,19
#
#round 163
#2,3,4,5,9,10,15,18
#1,6,7,8,11,12,13,14,16,17,19,20
#
#round 164
#1,3,5,8,9,10,12,13
#2,4,6,7,11,14,15,16,17,18,19,20
#
#round 165
#3,4,5,6,9,11,12,15
#1,2,7,8,10,13,14,16,17,18,19,20
#
#round 166
#1,2,3,4,5,7,8,12
#6,9,10,11,13,14,15,16,17,18,19,20
#
#round 167
#1,5,10,12,14,15,16,19
#2,3,4,6,7,8,9,11,13,17,18,20
#
#round 168
#2,4,6,11,12,15,17,18
#1,3,5,7,8,9,10,13,14,16,19,20
#
#round 169
#9,11,12,13,14,15,16,19
#1,2,3,4,5,6,7,8,10,17,18,20
#
#round 170
#1,2,3,5,7,8,10,20
#4,6,9,11,12,13,14,15,16,17,18,19
#
#round 171
#5,6,7,8,9,10,12,14
#1,2,3,4,11,13,15,16,17,18,19,20
#
#round 172
#7,9,10,13,14,15,16,19
#1,2,3,4,5,6,8,11,12,17,18,20
#
#round 173
#1,2,3,9,10,11,12,17
#4,5,6,7,8,13,14,15,16,18,19,20
#
#round 174
#2,3,4,6,11,15,17,19
#1,5,7,8,9,10,12,13,14,16,18,20
#
#round 175
#1,3,4,6,7,8,10,11
#2,5,9,12,13,14,15,16,17,18,19,20
#
#round 176
#1,2,5,7,11,13,16,20
#3,4,6,8,9,10,12,14,15,17,18,19
#
#round 177
#1,2,7,8,10,11,14,16
#3,4,5,6,9,12,13,15,17,18,19,20
#
#round 178
#1,4,5,6,8,11,14,16
#2,3,7,9,10,12,13,15,17,18,19,20
#
#round 179
#2,3,6,7,8,12,15,17
#1,4,5,9,10,11,13,14,16,18,19,20
#
#round 180
#1,2,4,5,6,7,9,13
#3,8,10,11,12,14,15,16,17,18,19,20
#
#round 181
#1,7,8,10,11,13,14,20
#2,3,4,5,6,9,12,15,16,17,18,19
#
#round 182
#2,4,5,6,7,8,12,15
#1,3,9,10,11,13,14,16,17,18,19,20
#
#round 183
#5,10,12,13,15,17,19,20
#1,2,3,4,6,7,8,9,11,14,16,18
#
#round 184
#1,3,5,7,8,10,13,16
#2,4,6,9,11,12,14,15,17,18,19,20
#
#round 185
#1,2,5,8,10,11,12,14
#3,4,6,7,9,13,15,16,17,18,19,20
#
#round 186
#3,6,9,11,14,15,18,20
#1,2,4,5,7,8,10,12,13,16,17,19
#
#round 187
#1,4,5,7,9,10,12,13
#2,3,6,8,11,14,15,16,17,18,19,20
#
#round 188
#1,2,3,4,5,7,9,10
#6,8,11,12,13,14,15,16,17,18,19,20
#
#round 189
#1,2,4,6,7,8,9,16
#3,5,10,11,12,13,14,15,17,18,19,20
#
#round 190
#1,2,4,6,7,9,10,11
#3,5,8,12,13,14,15,16,17,18,19,20
#
#round 191
#1,3,4,5,6,7,8,14
#2,9,10,11,12,13,15,16,17,18,19,20
#
#round 192
#1,5,6,7,11,12,14,20
#2,3,4,8,9,10,13,15,16,17,18,19
#
#round 193
#2,3,4,9,11,12,15,19
#1,5,6,7,8,10,13,14,16,17,18,20
#
#round 194
#5,12,13,15,16,17,19,20
#1,2,3,4,6,7,8,9,10,11,14,18
#
#round 195
#1,3,5,6,7,10,11,12
#2,4,8,9,13,14,15,16,17,18,19,20
#
#round 196
#1,2,3,5,6,9,10,11
#4,7,8,12,13,14,15,16,17,18,19,20
#
#round 197
#4,6,9,13,15,17,19,20
#1,2,3,5,7,8,10,11,12,14,16,18
#
#round 198
#3,4,5,6,7,8,10,11
#1,2,9,12,13,14,15,16,17,18,19,20
#
#round 199
#1,4,5,6,7,8,14,20
#2,3,9,10,11,12,13,15,16,17,18,19
#
#round 200
#1,3,5,8,9,12,13,16
#2,4,6,7,10,11,14,15,17,18,19,20
#
#round 201
#2,4,5,7,8,9,10,12
#1,3,6,11,13,14,15,16,17,18,19,20
#
#round 202
#9,10,12,13,16,17,18,19
#1,2,3,4,5,6,7,8,11,14,15,20
#
#round 203
#1,4,5,6,7,10,11,12
#2,3,8,9,13,14,15,16,17,18,19,20
#
#round 204
#2,3,4,5,7,8,10,11
#1,6,9,12,13,14,15,16,17,18,19,20
#
#round 205
#4,8,11,12,14,16,17,18
#1,2,3,5,6,7,9,10,13,15,19,20
#
#round 206
#1,5,12,14,16,17,19,20
#2,3,4,6,7,8,9,10,11,13,15,18
#
#round 207
#1,3,6,7,9,11,13,16
#2,4,5,8,10,12,14,15,17,18,19,20
#
#round 208
#2,4,5,6,7,8,10,11
#1,3,9,12,13,14,15,16,17,18,19,20
#
#round 209
#1,2,3,5,6,8,11,14
#4,7,9,10,12,13,15,16,17,18,19,20
#
#round 210
#1,2,3,4,9,10,11,17
#5,6,7,8,12,13,14,15,16,18,19,20
#
#round 211
#1,5,7,10,11,12,13,14
#2,3,4,6,8,9,15,16,17,18,19,20
#
#round 212
#3,10,11,12,14,15,17,18
#1,2,4,5,6,7,8,9,13,16,19,20
#
#round 213
#1,5,7,10,11,13,14,20
#2,3,4,6,8,9,12,15,16,17,18,19
#
#round 214
#1,3,5,8,11,13,14,20
#2,4,6,7,9,10,12,15,16,17,18,19
#
#round 215
#5,7,8,11,12,13,16,20
#1,2,3,4,6,9,10,14,15,17,18,19
#
#round 216
#2,3,5,7,9,10,11,12
#1,4,6,8,13,14,15,16,17,18,19,20
#
#round 217
#1,3,9,10,11,12,13,15
#2,4,5,6,7,8,14,16,17,18,19,20
#
#round 218
#3,4,10,11,12,15,17,19
#1,2,5,6,7,8,9,13,14,16,18,20
#
#round 219
#1,2,3,7,9,11,14,20
#4,5,6,8,10,12,13,15,16,17,18,19
#
#round 220
#1,5,6,7,9,13,14,16
#2,3,4,8,10,11,12,15,17,18,19,20
#
#round 221
#3,4,6,9,10,11,15,19
#1,2,5,7,8,12,13,14,16,17,18,20
#
#round 222
#4,5,7,8,12,14,16,17
#1,2,3,6,9,10,11,13,15,18,19,20
#
#round 223
#2,3,9,11,13,17,18,20
#1,4,5,6,7,8,10,12,14,15,16,19
#
#round 224
#3,7,9,11,14,16,17,20
#1,2,4,5,6,8,10,12,13,15,18,19
#
#round 225
#2,3,4,5,7,8,11,20
#1,6,9,10,12,13,14,15,16,17,18,19
#
#round 226
#1,2,3,5,8,11,13,16
#4,6,7,9,10,12,14,15,17,18,19,20
#
#round 227
#2,4,5,6,7,8,11,12
#1,3,9,10,13,14,15,16,17,18,19,20
#
#round 228
#3,4,5,6,9,11,14,18
#1,2,7,8,10,12,13,15,16,17,19,20
#
#round 229
#2,4,8,13,15,17,19,20
#1,3,5,6,7,9,10,11,12,14,16,18
#
#round 230
#2,3,4,9,10,15,17,19
#1,5,6,7,8,11,12,13,14,16,18,20
#
#round 231
#4,5,6,7,8,9,13,14
#1,2,3,10,11,12,15,16,17,18,19,20
#
#round 232
#1,3,5,9,11,12,14,20
#2,4,6,7,8,10,13,15,16,17,18,19
#
#round 233
#1,5,6,7,11,13,16,20
#2,3,4,8,9,10,12,14,15,17,18,19
#
#round 234
#1,6,7,8,9,10,12,14
#2,3,4,5,11,13,15,16,17,18,19,20
#
#round 235
#1,7,8,10,11,14,16,20
#2,3,4,5,6,9,12,13,15,17,18,19
#
#round 236
#1,5,6,7,8,13,14,20
#2,3,4,9,10,11,12,15,16,17,18,19
#
#round 237
#1,2,3,4,5,7,10,11
#6,8,9,12,13,14,15,16,17,18,19,20
#
#round 238
#1,3,7,8,10,11,12,20
#2,4,5,6,9,13,14,15,16,17,18,19
#
#round 239
#1,5,6,7,8,13,14,16
#2,3,4,9,10,11,12,15,17,18,19,20
#
#round 240
#1,5,6,7,9,10,14,16
#2,3,4,8,11,12,13,15,17,18,19,20
#
#round 241
#1,2,3,5,7,9,13,20
#4,6,8,10,11,12,14,15,16,17,18,19
#
#round 242
#2,3,9,11,14,15,18,20
#1,4,5,6,7,8,10,12,13,16,17,19
#
#round 243
#4,5,7,8,10,11,12,20
#1,2,3,6,9,13,14,15,16,17,18,19
#
#round 244
#5,6,9,11,13,14,15,20
#1,2,3,4,7,8,10,12,16,17,18,19
#
#round 245
#5,7,9,11,12,13,14,16
#1,2,3,4,6,8,10,15,17,18,19,20
#
#round 246
#4,7,9,11,14,15,16,20
#1,2,3,5,6,8,10,12,13,17,18,19
#
#round 247
#1,2,3,4,5,6,7,11
#8,9,10,12,13,14,15,16,17,18,19,20
#
#round 248
#1,5,7,10,11,12,13,20
#2,3,4,6,8,9,14,15,16,17,18,19
#
#round 249
#2,9,13,14,17,18,19,20
#1,3,4,5,6,7,8,10,11,12,15,16
#
#round 250
#2,3,5,6,7,8,9,10
#1,4,11,12,13,14,15,16,17,18,19,20
#
#round 251
#2,3,9,13,14,17,18,19
#1,4,5,6,7,8,10,11,12,15,16,20
#
#round 252
#1,5,6,9,10,11,12,14
#2,3,4,7,8,13,15,16,17,18,19,20
#
#round 253
#3,5,6,7,8,10,12,15
#1,2,4,9,11,13,14,16,17,18,19,20
#
#round 254
#1,4,5,7,8,13,16,20
#2,3,6,9,10,11,12,14,15,17,18,19
#
#round 255
#5,7,8,11,12,13,14,20
#1,2,3,4,6,9,10,15,16,17,18,19
#
#round 256
#1,3,4,5,6,7,8,13
#2,9,10,11,12,14,15,16,17,18,19,20
#
#round 257
#1,5,8,10,11,12,14,20
#2,3,4,6,7,9,13,15,16,17,18,19
#
#round 258
#4,5,6,7,9,11,14,20
#1,2,3,8,10,12,13,15,16,17,18,19
#
#round 259
#2,4,6,7,8,13,15,17
#1,3,5,9,10,11,12,14,16,18,19,20
#
#round 260
#3,4,6,7,8,9,10,11
#1,2,5,12,13,14,15,16,17,18,19,20
#
#round 261
#1,6,7,8,10,11,14,16
#2,3,4,5,9,12,13,15,17,18,19,20
#
#round 262
#1,2,3,5,6,7,8,14
#4,9,10,11,12,13,15,16,17,18,19,20
#
#round 263
#3,4,6,9,10,15,17,19
#1,2,5,7,8,11,12,13,14,16,18,20
#
#round 264
#1,5,6,7,10,11,12,13
#2,3,4,8,9,14,15,16,17,18,19,20
#
#round 265
#1,2,3,4,5,7,12,19
#6,8,9,10,11,13,14,15,16,17,18,20
#
#round 266
#1,2,9,13,14,15,16,18
#3,4,5,6,7,8,10,11,12,17,19,20
#
#round 267
#1,4,5,6,8,9,14,20
#2,3,7,10,11,12,13,15,16,17,18,19
#
#round 268
#2,9,10,11,12,14,15,19
#1,3,4,5,6,7,8,13,16,17,18,20
#
#round 269
#3,8,14,15,16,17,18,20
#1,2,4,5,6,7,9,10,11,12,13,19
#
#round 270
#1,5,7,8,12,13,14,20
#2,3,4,6,9,10,11,15,16,17,18,19
#
#round 271
#8,9,10,14,16,17,18,20
#1,2,3,4,5,6,7,11,12,13,15,19
#
#round 272
#2,3,5,6,7,8,11,12
#1,4,9,10,13,14,15,16,17,18,19,20
#
#round 273
#1,2,3,6,7,8,9,10
#4,5,11,12,13,14,15,16,17,18,19,20
#
#round 274
#1,2,3,5,6,7,8,16
#4,9,10,11,12,13,14,15,17,18,19,20
#
#round 275
#4,5,6,7,8,9,10,12
#1,2,3,11,13,14,15,16,17,18,19,20
#
#round 276
#1,5,6,8,11,13,14,16
#2,3,4,7,9,10,12,15,17,18,19,20
#
#round 277
#2,3,6,10,11,15,18,19
#1,4,5,7,8,9,12,13,14,16,17,20
#
#round 278
#5,9,10,11,12,13,14,17
#1,2,3,4,6,7,8,15,16,18,19,20
#
#round 279
#7,10,13,15,16,17,19,20
#1,2,3,4,5,6,8,9,11,12,14,18
#
#round 280
#1,3,4,5,6,11,12,15
#2,7,8,9,10,13,14,16,17,18,19,20
#
#round 281
#1,5,6,7,9,14,16,20
#2,3,4,8,10,11,12,13,15,17,18,19
#
#round 282
#1,5,6,7,8,10,12,14
#2,3,4,9,11,13,15,16,17,18,19,20
#
#round 283
#3,7,8,9,10,13,17,20
#1,2,4,5,6,11,12,14,15,16,18,19
#
#round 284
#1,7,8,9,12,13,16,20
#2,3,4,5,6,10,11,14,15,17,18,19
#
#round 285
#1,2,3,4,5,9,11,14
#6,7,8,10,12,13,15,16,17,18,19,20
#
#round 286
#3,4,5,6,7,8,10,15
#1,2,9,11,12,13,14,16,17,18,19,20
#
#round 287
#1,4,5,6,8,10,11,12
#2,3,7,9,13,14,15,16,17,18,19,20
#
#round 288
#1,2,3,5,6,7,9,14
#4,8,10,11,12,13,15,16,17,18,19,20
#
#round 289
#3,4,6,10,11,15,17,18
#1,2,5,7,8,9,12,13,14,16,19,20
#
#round 290
#1,4,5,8,11,13,14,16
#2,3,6,7,9,10,12,15,17,18,19,20
#
#round 291
#1,2,4,6,7,8,9,10
#3,5,11,12,13,14,15,16,17,18,19,20
#
#round 292
#4,7,12,14,16,17,18,19
#1,2,3,5,6,8,9,10,11,13,15,20
#
#round 293
#1,4,5,8,9,12,13,16
#2,3,6,7,10,11,14,15,17,18,19,20
#
#round 294
#2,3,4,6,7,8,9,11
#1,5,10,12,13,14,15,16,17,18,19,20
#
#round 295
#1,4,7,8,11,13,14,20
#2,3,5,6,9,10,12,15,16,17,18,19
#
#round 296
#1,2,4,5,6,8,11,14
#3,7,9,10,12,13,15,16,17,18,19,20
#
#round 297
#1,2,3,5,7,11,13,16
#4,6,8,9,10,12,14,15,17,18,19,20
#
#round 298
#1,2,4,5,7,9,13,14
#3,6,8,10,11,12,15,16,17,18,19,20
#
#round 299
#1,3,4,6,10,11,15,17
#2,5,7,8,9,12,13,14,16,18,19,20
#
#round 300
#1,4,5,13,16,17,18,20
#2,3,6,7,8,9,10,11,12,14,15,19
#
#round 301
#2,3,4,9,11,12,17,18
#1,5,6,7,8,10,13,14,15,16,19,20
#
#round 302
#1,3,4,5,6,7,8,12
#2,9,10,11,13,14,15,16,17,18,19,20
#
#round 303
#2,3,5,6,7,8,13,15
#1,4,9,10,11,12,14,16,17,18,19,20
#
#round 304
#2,4,5,6,10,15,17,19
#1,3,7,8,9,11,12,13,14,16,18,20
#
#round 305
#2,3,4,11,12,15,17,18
#1,5,6,7,8,9,10,13,14,16,19,20
#
#round 306
#1,2,3,4,5,9,11,12
#6,7,8,10,13,14,15,16,17,18,19,20
#
#round 307
#1,3,4,5,7,11,13,16
#2,6,8,9,10,12,14,15,17,18,19,20
#
#round 308
#2,3,4,9,12,15,18,19
#1,5,6,7,8,10,11,13,14,16,17,20
#
#round 309
#1,3,11,13,15,16,17,20
#2,4,5,6,7,8,9,10,12,14,18,19
#
#round 310
#3,4,6,10,11,15,17,19
#1,2,5,7,8,9,12,13,14,16,18,20
#
#round 311
#1,5,7,10,11,14,16,20
#2,3,4,6,8,9,12,13,15,17,18,19
#
#round 312
#2,3,7,9,10,11,12,17
#1,4,5,6,8,13,14,15,16,18,19,20
#
#round 313
#3,11,12,13,15,16,18,19
#1,2,4,5,6,7,8,9,10,14,17,20
#
#round 314
#1,3,7,8,11,14,16,20
#2,4,5,6,9,10,12,13,15,17,18,19
#
#round 315
#1,2,3,4,7,8,9,12
#5,6,10,11,13,14,15,16,17,18,19,20
#
#round 316
#1,2,3,4,5,8,11,12
#6,7,9,10,13,14,15,16,17,18,19,20
#
#round 317
#1,7,8,9,12,13,14,16
#2,3,4,5,6,10,11,15,17,18,19,20
#
#round 318
#1,2,3,5,7,8,13,20
#4,6,9,10,11,12,14,15,16,17,18,19
#
#round 319
#1,2,3,4,5,7,8,14
#6,9,10,11,12,13,15,16,17,18,19,20
#
#round 320
#1,2,3,5,6,8,9,10
#4,7,11,12,13,14,15,16,17,18,19,20
#
#round 321
#2,4,5,6,7,8,9,12
#1,3,10,11,13,14,15,16,17,18,19,20
#
#round 322
#2,4,6,8,10,11,15,18
#1,3,5,7,9,12,13,14,16,17,19,20
#
#round 323
#2,3,4,9,12,15,17,18
#1,5,6,7,8,10,11,13,14,16,19,20
#
#round 324
#1,5,7,8,10,12,14,16
#2,3,4,6,9,11,13,15,17,18,19,20
#
#round 325
#9,10,13,15,16,17,19,20
#1,2,3,4,5,6,7,8,11,12,14,18
#
#round 326
#7,8,9,10,11,13,14,16
#1,2,3,4,5,6,12,15,17,18,19,20
#
#round 327
#1,2,4,5,6,7,8,16
#3,9,10,11,12,13,14,15,17,18,19,20
#
#round 328
#1,2,3,4,7,8,9,14
#5,6,10,11,12,13,15,16,17,18,19,20
#
#round 329
#1,4,5,9,10,11,14,20
#2,3,6,7,8,12,13,15,16,17,18,19
#
#round 330
#2,4,6,10,11,17,18,19
#1,3,5,7,8,9,12,13,14,15,16,20
#
#round 331
#1,3,4,5,6,10,15,18
#2,7,8,9,11,12,13,14,16,17,19,20
#
#round 332
#5,7,8,9,10,12,14,16
#1,2,3,4,6,11,13,15,17,18,19,20
#
#round 333
#1,6,7,9,10,11,12,13
#2,3,4,5,8,14,15,16,17,18,19,20
#
#round 334
#2,9,13,14,15,17,19,20
#1,3,4,5,6,7,8,10,11,12,16,18
#
#round 335
#2,3,5,7,8,11,14,20
#1,4,6,9,10,12,13,15,16,17,18,19
#
#round 336
#1,2,5,6,7,8,10,13
#3,4,9,11,12,14,15,16,17,18,19,20
#
#round 337
#1,5,7,9,12,13,14,16
#2,3,4,6,8,10,11,15,17,18,19,20
#
#round 338
#1,2,3,5,6,7,11,12
#4,8,9,10,13,14,15,16,17,18,19,20
#
#round 339
#1,5,11,12,13,14,15,16
#2,3,4,6,7,8,9,10,17,18,19,20
#
#round 340
#1,2,3,5,6,8,10,11
#4,7,9,12,13,14,15,16,17,18,19,20
#
#round 341
#1,4,7,8,13,14,17,20
#2,3,5,6,9,10,11,12,15,16,18,19
#
#round 342
#1,6,7,8,11,12,13,16
#2,3,4,5,9,10,14,15,17,18,19,20
#
#round 343
#1,2,3,4,6,9,11,19
#5,7,8,10,12,13,14,15,16,17,18,20
#
#round 344
#1,5,7,8,12,13,14,16
#2,3,4,6,9,10,11,15,17,18,19,20
#
#round 345
#2,4,6,11,12,15,18,19
#1,3,5,7,8,9,10,13,14,16,17,20
#
#round 346
#2,3,5,9,10,11,12,17
#1,4,6,7,8,13,14,15,16,18,19,20
#
#round 347
#1,2,7,8,10,11,12,14
#3,4,5,6,9,13,15,16,17,18,19,20
#
#round 348
#1,3,4,5,6,8,12,15
#2,7,9,10,11,13,14,16,17,18,19,20
#
#round 349
#2,3,4,5,6,7,8,9
#1,10,11,12,13,14,15,16,17,18,19,20
#
#round 350
#2,4,6,10,11,15,17,18
#1,3,5,7,8,9,12,13,14,16,19,20
#
#round 351
#4,5,7,8,9,10,12,13
#1,2,3,6,11,14,15,16,17,18,19,20
#
#round 352
#5,7,12,13,14,17,19,20
#1,2,3,4,6,8,9,10,11,15,16,18
#
#round 353
#2,3,4,5,6,7,8,17
#1,9,10,11,12,13,14,15,16,18,19,20
#
#round 354
#1,4,12,13,15,17,19,20
#2,3,5,6,7,8,9,10,11,14,16,18
#
#round 355
#1,5,8,9,10,12,14,16
#2,3,4,6,7,11,13,15,17,18,19,20
#
#round 356
#1,4,5,8,14,15,16,20
#2,3,6,7,9,10,11,12,13,17,18,19
#
#round 357
#2,3,5,6,7,8,9,12
#1,4,10,11,13,14,15,16,17,18,19,20
#
#round 358
#1,5,6,7,8,13,16,20
#2,3,4,9,10,11,12,14,15,17,18,19
#
#round 359
#1,6,7,8,9,14,16,20
#2,3,4,5,10,11,12,13,15,17,18,19
#
#round 360
#1,2,3,4,5,7,9,14
#6,8,10,11,12,13,15,16,17,18,19,20
#
#round 361
#2,5,7,8,11,13,16,20
#1,3,4,6,9,10,12,14,15,17,18,19
#
#round 362
#2,3,6,7,8,12,15,19
#1,4,5,9,10,11,13,14,16,17,18,20
#
#round 363
#1,4,5,7,9,10,12,14
#2,3,6,8,11,13,15,16,17,18,19,20
#
#round 364
#1,2,4,5,6,7,10,11
#3,8,9,12,13,14,15,16,17,18,19,20
#
#round 365
#2,3,5,6,9,10,11,19
#1,4,7,8,12,13,14,15,16,17,18,20
#
#round 366
#2,3,4,9,10,15,17,18
#1,5,6,7,8,11,12,13,14,16,19,20
#
#round 367
#1,5,8,10,11,12,13,14
#2,3,4,6,7,9,15,16,17,18,19,20
#
#round 368
#2,3,6,11,12,15,17,19
#1,4,5,7,8,9,10,13,14,16,18,20
#
#round 369
#1,4,7,8,9,13,16,20
#2,3,5,6,10,11,12,14,15,17,18,19
#
#round 370
#1,2,5,7,8,12,13,20
#3,4,6,9,10,11,14,15,16,17,18,19
#
#round 371
#1,5,8,10,11,12,14,16
#2,3,4,6,7,9,13,15,17,18,19,20
#
#round 372
#2,3,5,6,8,9,10,11
#1,4,7,12,13,14,15,16,17,18,19,20
#
#round 373
#4,9,12,14,15,17,18,20
#1,2,3,5,6,7,8,10,11,13,16,19
#
#round 374
#1,2,4,6,7,8,11,12
#3,5,9,10,13,14,15,16,17,18,19,20
#
#round 375
#1,2,4,5,7,8,13,20
#3,6,9,10,11,12,14,15,16,17,18,19
#
#round 376
#2,3,4,7,8,9,11,13
#1,5,6,10,12,14,15,16,17,18,19,20
#
#round 377
#1,3,4,5,6,7,9,10
#2,8,11,12,13,14,15,16,17,18,19,20
#
#round 378
#1,2,3,5,6,7,9,12
#4,8,10,11,13,14,15,16,17,18,19,20
#
#round 379
#2,4,5,6,8,9,10,11
#1,3,7,12,13,14,15,16,17,18,19,20
#
#round 380
#2,3,4,9,10,11,15,18
#1,5,6,7,8,12,13,14,16,17,19,20
#
#round 381
#4,5,6,7,8,10,11,12
#1,2,3,9,13,14,15,16,17,18,19,20
#
#round 382
#3,9,10,12,13,15,18,19
#1,2,4,5,6,7,8,11,14,16,17,20
#
#round 383
#1,5,6,8,9,13,14,16
#2,3,4,7,10,11,12,15,17,18,19,20
#
#round 384
#1,2,3,4,5,6,7,8
#9,10,11,12,13,14,15,16,17,18,19,20
#
#round 385
#1,7,9,10,11,13,14,16
#2,3,4,5,6,8,12,15,17,18,19,20
#
#round 386
#3,4,6,7,8,9,12,17
#1,2,5,10,11,13,14,15,16,18,19,20
#
#round 387
#1,2,3,6,7,12,15,19
#4,5,8,9,10,11,13,14,16,17,18,20
#
#round 388
#1,3,5,7,8,10,12,16
#2,4,6,9,11,13,14,15,17,18,19,20
#
#round 389
#2,3,4,5,7,8,9,10
#1,6,11,12,13,14,15,16,17,18,19,20
#
#round 390
#1,3,4,5,7,8,13,16
#2,6,9,10,11,12,14,15,17,18,19,20
#
#round 391
#2,3,4,6,9,11,15,19
#1,5,7,8,10,12,13,14,16,17,18,20
#
#round 392
#2,4,5,9,11,14,15,16
#1,3,6,7,8,10,12,13,17,18,19,20
#
#round 393
#1,4,5,7,9,13,14,20
#2,3,6,8,10,11,12,15,16,17,18,19
#
#round 394
#1,4,5,7,8,10,13,14
#2,3,6,9,11,12,15,16,17,18,19,20
#
#round 395
#2,7,9,10,11,12,14,15
#1,3,4,5,6,8,13,16,17,18,19,20
#
#round 396
#2,3,6,10,11,15,17,19
#1,4,5,7,8,9,12,13,14,16,18,20
#
#round 397
#1,3,4,5,6,7,9,13
#2,8,10,11,12,14,15,16,17,18,19,20
#
#round 398
#2,4,5,6,7,8,10,15
#1,3,9,11,12,13,14,16,17,18,19,20
#
#round 399
#1,3,4,5,6,8,9,10
#2,7,11,12,13,14,15,16,17,18,19,20
#
#round 400
#9,10,12,13,17,18,19,20
#1,2,3,4,5,6,7,8,11,14,15,16
#
#round 401
#1,2,3,4,5,6,8,11
#7,9,10,12,13,14,15,16,17,18,19,20
#
#round 402
#1,3,5,8,10,11,12,14
#2,4,6,7,9,13,15,16,17,18,19,20
#
#round 403
#1,3,4,5,6,10,17,19
#2,7,8,9,11,12,13,14,15,16,18,20
#
#round 404
#2,3,4,5,7,9,10,11
#1,6,8,12,13,14,15,16,17,18,19,20
#
#round 405
#2,3,6,9,11,12,15,18
#1,4,5,7,8,10,13,14,16,17,19,20
#
#round 406
#2,3,5,6,9,10,11,18
#1,4,7,8,12,13,14,15,16,17,19,20
#
#round 407
#2,3,11,12,13,15,18,19
#1,4,5,6,7,8,9,10,14,16,17,20
#
#round 408
#5,6,9,11,14,16,18,20
#1,2,3,4,7,8,10,12,13,15,17,19
#
#round 409
#1,2,3,5,7,9,14,16
#4,6,8,10,11,12,13,15,17,18,19,20
#
#round 410
#1,3,5,14,15,16,17,20
#2,4,6,7,8,9,10,11,12,13,18,19
#
#round 411
#5,7,8,9,10,13,14,20
#1,2,3,4,6,11,12,15,16,17,18,19
#
#round 412
#9,10,12,14,15,17,18,20
#1,2,3,4,5,6,7,8,11,13,16,19
#
#round 413
#3,4,5,6,7,9,11,12
#1,2,8,10,13,14,15,16,17,18,19,20
#
#round 414
#2,3,4,11,12,15,18,19
#1,5,6,7,8,9,10,13,14,16,17,20
#
#round 415
#6,11,12,13,14,15,17,18
#1,2,3,4,5,7,8,9,10,16,19,20
#
#round 416
#3,4,6,7,8,9,11,12
#1,2,5,10,13,14,15,16,17,18,19,20
#
#round 417
#1,2,3,5,8,14,15,20
#4,6,7,9,10,11,12,13,16,17,18,19
#
## 4
#round 0
#1,3,7,10
#2,4,5,6,8,9,11,12,13,14,15,16,17,18,19,20
#
#round 1
#5,6,7,13
#1,2,3,4,8,9,10,11,12,14,15,16,17,18,19,20
#
#round 2
#2,3,5,11
#1,4,6,7,8,9,10,12,13,14,15,16,17,18,19,20
#
#round 3
#5,10,14,19
#1,2,3,4,6,7,8,9,11,12,13,15,16,17,18,20
#
#round 4
#1,3,8,10
#2,4,5,6,7,9,11,12,13,14,15,16,17,18,19,20
#
#round 5
#4,5,14,19
#1,2,3,6,7,8,9,10,11,12,13,15,16,17,18,20
#
#round 6
#1,3,8,20
#2,4,5,6,7,9,10,11,12,13,14,15,16,17,18,19
#
#round 7
#5,6,10,15
#1,2,3,4,7,8,9,11,12,13,14,16,17,18,19,20
#
#round 8
#3,14,15,19
#1,2,4,5,6,7,8,9,10,11,12,13,16,17,18,20
#
#round 9
#1,2,9,12
#3,4,5,6,7,8,10,11,13,14,15,16,17,18,19,20
#
#round 10
#3,6,11,15
#1,2,4,5,7,8,9,10,12,13,14,16,17,18,19,20
#
#round 11
#1,7,13,16
#2,3,4,5,6,8,9,10,11,12,14,15,17,18,19,20
#
#round 12
#4,8,10,19
#1,2,3,5,6,7,9,11,12,13,14,15,16,17,18,20
#
#round 13
#8,11,12,13
#1,2,3,4,5,6,7,9,10,14,15,16,17,18,19,20
#
#round 14
#3,7,9,14
#1,2,4,5,6,8,10,11,12,13,15,16,17,18,19,20
#
#round 15
#5,8,12,16
#1,2,3,4,6,7,9,10,11,13,14,15,17,18,19,20
#
#round 16
#8,9,10,14
#1,2,3,4,5,6,7,11,12,13,15,16,17,18,19,20
#
#round 17
#3,9,11,14
#1,2,4,5,6,7,8,10,12,13,15,16,17,18,19,20
#
#round 18
#2,4,5,19
#1,3,6,7,8,9,10,11,12,13,14,15,16,17,18,20
#
#round 19
#3,9,10,19
#1,2,4,5,6,7,8,11,12,13,14,15,16,17,18,20
#
#round 20
#1,8,13,14
#2,3,4,5,6,7,9,10,11,12,15,16,17,18,19,20
#
#round 21
#1,12,13,15
#2,3,4,5,6,7,8,9,10,11,14,16,17,18,19,20
#
#round 22
#1,2,6,15
#3,4,5,7,8,9,10,11,12,13,14,16,17,18,19,20
#
#round 23
#2,5,8,13
#1,3,4,6,7,9,10,11,12,14,15,16,17,18,19,20
#
#round 24
#4,6,8,11
#1,2,3,5,7,9,10,12,13,14,15,16,17,18,19,20
#
#round 25
#4,5,6,8
#1,2,3,7,9,10,11,12,13,14,15,16,17,18,19,20
#
#round 26
#1,4,6,11
#2,3,5,7,8,9,10,12,13,14,15,16,17,18,19,20
#
#round 27
#3,4,7,8
#1,2,5,6,9,10,11,12,13,14,15,16,17,18,19,20
#
#round 28
#1,5,6,13
#2,3,4,7,8,9,10,11,12,14,15,16,17,18,19,20
#
#round 29
#5,8,10,12
#1,2,3,4,6,7,9,11,13,14,15,16,17,18,19,20
#
#round 30
#2,6,7,8
#1,3,4,5,9,10,11,12,13,14,15,16,17,18,19,20
#
#round 31
#3,13,17,18
#1,2,4,5,6,7,8,9,10,11,12,14,15,16,19,20
#
#round 32
#10,11,14,19
#1,2,3,4,5,6,7,8,9,12,13,15,16,17,18,20
#
#round 33
#4,9,14,15
#1,2,3,5,6,7,8,10,11,12,13,16,17,18,19,20
#
#round 34
#5,8,13,14
#1,2,3,4,6,7,9,10,11,12,15,16,17,18,19,20
#
#round 35
#6,8,10,11
#1,2,3,4,5,7,9,12,13,14,15,16,17,18,19,20
#
#round 36
#1,5,10,12
#2,3,4,6,7,8,9,11,13,14,15,16,17,18,19,20
#
#round 37
#4,9,10,17
#1,2,3,5,6,7,8,11,12,13,14,15,16,18,19,20
#
#round 38
#3,4,15,18
#1,2,5,6,7,8,9,10,11,12,13,14,16,17,19,20
#
#round 39
#2,4,7,11
#1,3,5,6,8,9,10,12,13,14,15,16,17,18,19,20
#
#round 40
#5,7,10,13
#1,2,3,4,6,8,9,11,12,14,15,16,17,18,19,20
#
#round 41
#3,4,8,9
#1,2,5,6,7,10,11,12,13,14,15,16,17,18,19,20
#
#round 42
#2,3,8,9
#1,4,5,6,7,10,11,12,13,14,15,16,17,18,19,20
#
#round 43
#8,9,12,16
#1,2,3,4,5,6,7,10,11,13,14,15,17,18,19,20
#
#round 44
#2,5,6,8
#1,3,4,7,9,10,11,12,13,14,15,16,17,18,19,20
#
#round 45
#4,9,17,20
#1,2,3,5,6,7,8,10,11,12,13,14,15,16,18,19
#
#round 46
#8,13,16,17
#1,2,3,4,5,6,7,9,10,11,12,14,15,18,19,20
#
#round 47
#4,7,9,12
#1,2,3,5,6,8,10,11,13,14,15,16,17,18,19,20
#
#round 48
#3,8,12,17
#1,2,4,5,6,7,9,10,11,13,14,15,16,18,19,20
#
#round 49
#9,13,14,15
#1,2,3,4,5,6,7,8,10,11,12,16,17,18,19,20
#
#round 50
#8,11,13,20
#1,2,3,4,5,6,7,9,10,12,14,15,16,17,18,19
#
#round 51
#1,3,6,8
#2,4,5,7,9,10,11,12,13,14,15,16,17,18,19,20
#
#round 52
#2,6,8,11
#1,3,4,5,7,9,10,12,13,14,15,16,17,18,19,20
#
#round 53
#3,7,11,12
#1,2,4,5,6,8,9,10,13,14,15,16,17,18,19,20
#
#round 54
#1,3,8,14
#2,4,5,6,7,9,10,11,12,13,15,16,17,18,19,20
#
#round 55
#11,13,14,17
#1,2,3,4,5,6,7,8,9,10,12,15,16,18,19,20
#
#round 56
#9,12,17,20
#1,2,3,4,5,6,7,8,10,11,13,14,15,16,18,19
#
#round 57
#2,8,12,19
#1,3,4,5,6,7,9,10,11,13,14,15,16,17,18,20
#
#round 58
#5,7,10,14
#1,2,3,4,6,8,9,11,12,13,15,16,17,18,19,20
#
#round 59
#3,5,7,10
#1,2,4,6,8,9,11,12,13,14,15,16,17,18,19,20
#
#round 60
#3,12,17,19
#1,2,4,5,6,7,8,9,10,11,13,14,15,16,18,20
#
#round 61
#2,5,7,12
#1,3,4,6,8,9,10,11,13,14,15,16,17,18,19,20
#
#round 62
#2,5,11,12
#1,3,4,6,7,8,9,10,13,14,15,16,17,18,19,20
#
#round 63
#4,11,15,20
#1,2,3,5,6,7,8,9,10,12,13,14,16,17,18,19
#
#round 64
#4,9,10,15
#1,2,3,5,6,7,8,11,12,13,14,16,17,18,19,20
#
#round 65
#2,6,8,15
#1,3,4,5,7,9,10,11,12,13,14,16,17,18,19,20
#
#round 66
#5,7,14,16
#1,2,3,4,6,8,9,10,11,12,13,15,17,18,19,20
#
#round 67
#7,12,14,17
#1,2,3,4,5,6,8,9,10,11,13,15,16,18,19,20
#
#round 68
#6,10,11,19
#1,2,3,4,5,7,8,9,12,13,14,15,16,17,18,20
#
#round 69
#6,7,8,13
#1,2,3,4,5,9,10,11,12,14,15,16,17,18,19,20
#
#round 70
#1,6,7,12
#2,3,4,5,8,9,10,11,13,14,15,16,17,18,19,20
#
#round 71
#2,13,15,19
#1,3,4,5,6,7,8,9,10,11,12,14,16,17,18,20
#
#round 72
#4,8,11,12
#1,2,3,5,6,7,9,10,13,14,15,16,17,18,19,20
#
#round 73
#13,15,19,20
#1,2,3,4,5,6,7,8,9,10,11,12,14,16,17,18
#
#round 74
#7,11,14,20
#1,2,3,4,5,6,8,9,10,12,13,15,16,17,18,19
#
#round 75
#7,11,14,16
#1,2,3,4,5,6,8,9,10,12,13,15,17,18,19,20
#
#round 76
#1,4,11,16
#2,3,5,6,7,8,9,10,12,13,14,15,17,18,19,20
#
#round 77
#1,5,10,14
#2,3,4,6,7,8,9,11,12,13,15,16,17,18,19,20
#
#round 78
#5,7,12,14
#1,2,3,4,6,8,9,10,11,13,15,16,17,18,19,20
#
#round 79
#12,15,16,17
#1,2,3,4,5,6,7,8,9,10,11,13,14,18,19,20
#
#round 80
#2,3,5,8
#1,4,6,7,9,10,11,12,13,14,15,16,17,18,19,20
#
#round 81
#2,6,15,17
#1,3,4,5,7,8,9,10,11,12,13,14,16,18,19,20
#
#round 82
#10,16,17,19
#1,2,3,4,5,6,7,8,9,11,12,13,14,15,18,20
#
#round 83
#4,8,15,20
#1,2,3,5,6,7,9,10,11,12,13,14,16,17,18,19
#
#round 84
#4,8,11,20
#1,2,3,5,6,7,9,10,12,13,14,15,16,17,18,19
#
#round 85
#2,3,11,19
#1,4,5,6,7,8,9,10,12,13,14,15,16,17,18,20
#
#round 86
#7,9,10,12
#1,2,3,4,5,6,8,11,13,14,15,16,17,18,19,20
#
#round 87
#2,11,12,15
#1,3,4,5,6,7,8,9,10,13,14,16,17,18,19,20
#
#round 88
#1,9,13,20
#2,3,4,5,6,7,8,10,11,12,14,15,16,17,18,19
#
#round 89
#2,5,10,15
#1,3,4,6,7,8,9,11,12,13,14,16,17,18,19,20
#
#round 90
#9,10,12,17
#1,2,3,4,5,6,7,8,11,13,14,15,16,18,19,20
#
#round 91
#8,11,13,16
#1,2,3,4,5,6,7,9,10,12,14,15,17,18,19,20
#
#round 92
#5,6,9,10
#1,2,3,4,7,8,11,12,13,14,15,16,17,18,19,20
#
#round 93
#3,7,10,11
#1,2,4,5,6,8,9,12,13,14,15,16,17,18,19,20
#
#round 94
#1,2,4,11
#3,5,6,7,8,9,10,12,13,14,15,16,17,18,19,20
#
#round 95
#1,2,6,8
#3,4,5,7,9,10,11,12,13,14,15,16,17,18,19,20
#
#round 96
#3,4,9,17
#1,2,5,6,7,8,10,11,12,13,14,15,16,18,19,20
#
#round 97
#2,6,11,18
#1,3,4,5,7,8,9,10,12,13,14,15,16,17,19,20
#
#round 98
#3,4,11,17
#1,2,5,6,7,8,9,10,12,13,14,15,16,18,19,20
#
#round 99
#1,8,14,20
#2,3,4,5,6,7,9,10,11,12,13,15,16,17,18,19
#
#round 100
#1,3,5,14
#2,4,6,7,8,9,10,11,12,13,15,16,17,18,19,20
#
#round 101
#1,6,8,13
#2,3,4,5,7,9,10,11,12,14,15,16,17,18,19,20
#
#round 102
#4,5,11,12
#1,2,3,6,7,8,9,10,13,14,15,16,17,18,19,20
#
#round 103
#3,4,9,11
#1,2,5,6,7,8,10,12,13,14,15,16,17,18,19,20
#
#round 104
#10,11,12,18
#1,2,3,4,5,6,7,8,9,13,14,15,16,17,19,20
#
#round 105
#3,4,8,15
#1,2,5,6,7,9,10,11,12,13,14,16,17,18,19,20
#
#round 106
#2,9,11,20
#1,3,4,5,6,7,8,10,12,13,14,15,16,17,18,19
#
#round 107
#1,6,10,11
#2,3,4,5,7,8,9,12,13,14,15,16,17,18,19,20
#
#round 108
#2,3,7,11
#1,4,5,6,8,9,10,12,13,14,15,16,17,18,19,20
#
#round 109
#1,3,6,11
#2,4,5,7,8,9,10,12,13,14,15,16,17,18,19,20
#
#round 110
#2,5,7,10
#1,3,4,6,8,9,11,12,13,14,15,16,17,18,19,20
#
#round 111
#1,6,8,12
#2,3,4,5,7,9,10,11,13,14,15,16,17,18,19,20
#
#round 112
#4,14,15,18
#1,2,3,5,6,7,8,9,10,11,12,13,16,17,19,20
#
#round 113
#1,13,17,20
#2,3,4,5,6,7,8,9,10,11,12,14,15,16,18,19
#
#round 114
#1,2,6,7
#3,4,5,8,9,10,11,12,13,14,15,16,17,18,19,20
#
#round 115
#3,4,5,19
#1,2,6,7,8,9,10,11,12,13,14,15,16,17,18,20
#
#round 116
#1,2,3,9
#4,5,6,7,8,10,11,12,13,14,15,16,17,18,19,20
#
#round 117
#2,6,8,19
#1,3,4,5,7,9,10,11,12,13,14,15,16,17,18,20
#
#round 118
#5,9,12,13
#1,2,3,4,6,7,8,10,11,14,15,16,17,18,19,20
#
#round 119
#8,10,14,19
#1,2,3,4,5,6,7,9,11,12,13,15,16,17,18,20
#
#round 120
#3,5,6,11
#1,2,4,7,8,9,10,12,13,14,15,16,17,18,19,20
#
#round 121
#1,3,4,17
#2,5,6,7,8,9,10,11,12,13,14,15,16,18,19,20
#
#round 122
#5,6,10,17
#1,2,3,4,7,8,9,11,12,13,14,15,16,18,19,20
#
#round 123
#11,13,15,16
#1,2,3,4,5,6,7,8,9,10,12,14,17,18,19,20
#
#round 124
#5,12,14,15
#1,2,3,4,6,7,8,9,10,11,13,16,17,18,19,20
#
#round 125
#5,9,13,16
#1,2,3,4,6,7,8,10,11,12,14,15,17,18,19,20
#
#round 126
#10,11,15,16
#1,2,3,4,5,6,7,8,9,12,13,14,17,18,19,20
#
#round 127
#3,10,11,15
#1,2,4,5,6,7,8,9,12,13,14,16,17,18,19,20
#
#round 128
#3,4,7,9
#1,2,5,6,8,10,11,12,13,14,15,16,17,18,19,20
#
#round 129
#3,4,15,19
#1,2,5,6,7,8,9,10,11,12,13,14,16,17,18,20

#round 130
#1,4,8,20
#2,3,5,6,7,9,10,11,12,13,14,15,16,17,18,19
#
#round 131
#2,5,10,11
#1,3,4,6,7,8,9,12,13,14,15,16,17,18,19,20
#
#round 132
#2,5,6,7
#1,3,4,8,9,10,11,12,13,14,15,16,17,18,19,20
#
#round 133
#5,7,13,20
#1,2,3,4,6,8,9,10,11,12,14,15,16,17,18,19
#
#round 134
#1,3,5,6
#2,4,7,8,9,10,11,12,13,14,15,16,17,18,19,20
#
#round 135
#5,6,8,10
#1,2,3,4,7,9,11,12,13,14,15,16,17,18,19,20
#
#round 136
#5,6,7,12
#1,2,3,4,8,9,10,11,13,14,15,16,17,18,19,20
#
#round 137
#1,3,7,20
#2,4,5,6,8,9,10,11,12,13,14,15,16,17,18,19
#
#round 138
#1,3,4,8
#2,5,6,7,9,10,11,12,13,14,15,16,17,18,19,20
#
#round 139
#2,3,7,9
#1,4,5,6,8,10,11,12,13,14,15,16,17,18,19,20
#
#round 140
#4,6,7,9
#1,2,3,5,8,10,11,12,13,14,15,16,17,18,19,20
#
#round 141
#9,11,14,16
#1,2,3,4,5,6,7,8,10,12,13,15,17,18,19,20
#
#round 142
#13,17,18,20
#1,2,3,4,5,6,7,8,9,10,11,12,14,15,16,19
#
#round 143
#2,6,7,19
#1,3,4,5,8,9,10,11,12,13,14,15,16,17,18,20
#
#round 144
#3,6,7,15
#1,2,4,5,8,9,10,11,12,13,14,16,17,18,19,20
#
#round 145
#1,3,8,13
#2,4,5,6,7,9,10,11,12,14,15,16,17,18,19,20
#
#round 146
#2,7,9,12
#1,3,4,5,6,8,10,11,13,14,15,16,17,18,19,20
#
#round 147
#10,15,16,19
#1,2,3,4,5,6,7,8,9,11,12,13,14,17,18,20
#
#round 148
#3,15,17,20
#1,2,4,5,6,7,8,9,10,11,12,13,14,16,18,19
#
#round 149
#1,9,10,14
#2,3,4,5,6,7,8,11,12,13,15,16,17,18,19,20
#
#round 150
#5,7,14,20
#1,2,3,4,6,8,9,10,11,12,13,15,16,17,18,19
#
#round 151
#8,9,10,12
#1,2,3,4,5,6,7,11,13,14,15,16,17,18,19,20
#
#round 152
#6,10,15,19
#1,2,3,4,5,7,8,9,11,12,13,14,16,17,18,20
#
#round 153
#14,15,16,19
#1,2,3,4,5,6,7,8,9,10,11,12,13,17,18,20
#
#round 154
#1,5,14,20
#2,3,4,6,7,8,9,10,11,12,13,15,16,17,18,19
#
#round 155
#3,9,10,18
#1,2,4,5,6,7,8,11,12,13,14,15,16,17,19,20
#
#round 156
#1,5,13,16
#2,3,4,6,7,8,9,10,11,12,14,15,17,18,19,20
#
#round 157
#1,3,4,18
#2,5,6,7,8,9,10,11,12,13,14,15,16,17,19,20
#
#round 158
#1,7,10,14
#2,3,4,5,6,8,9,11,12,13,15,16,17,18,19,20
#
#round 159
#4,7,8,12
#1,2,3,5,6,9,10,11,13,14,15,16,17,18,19,20
#
#round 160
#4,5,8,16
#1,2,3,6,7,9,10,11,12,13,14,15,17,18,19,20
#
#round 161
#4,5,6,11
#1,2,3,7,8,9,10,12,13,14,15,16,17,18,19,20
#
#round 162
#2,6,9,15
#1,3,4,5,7,8,10,11,12,13,14,16,17,18,19,20
#
#round 163
#3,13,15,18
#1,2,4,5,6,7,8,9,10,11,12,14,16,17,19,20
#
#round 164
#1,4,7,13
#2,3,5,6,8,9,10,11,12,14,15,16,17,18,19,20
#
#round 165
#3,5,10,15
#1,2,4,6,7,8,9,11,12,13,14,16,17,18,19,20
#
#round 166
#13,16,17,18
#1,2,3,4,5,6,7,8,9,10,11,12,14,15,19,20
#
#round 167
#3,11,13,15
#1,2,4,5,6,7,8,9,10,12,14,16,17,18,19,20
#
#round 168
#5,8,12,20
#1,2,3,4,6,7,9,10,11,13,14,15,16,17,18,19
#
#round 169
#1,2,3,15
#4,5,6,7,8,9,10,11,12,13,14,16,17,18,19,20
#
#round 170
#12,13,15,19
#1,2,3,4,5,6,7,8,9,10,11,14,16,17,18,20
#
#round 171
#5,7,10,12
#1,2,3,4,6,8,9,11,13,14,15,16,17,18,19,20
#
#round 172
#3,11,12,17
#1,2,4,5,6,7,8,9,10,13,14,15,16,18,19,20
#
#round 173
#2,4,9,19
#1,3,5,6,7,8,10,11,12,13,14,15,16,17,18,20
#
#round 174
#3,4,9,19
#1,2,5,6,7,8,10,11,12,13,14,15,16,17,18,20
#
#round 175
#5,8,12,14
#1,2,3,4,6,7,9,10,11,13,15,16,17,18,19,20
#
#round 176
#3,9,10,17
#1,2,4,5,6,7,8,11,12,13,14,15,16,18,19,20
#
#round 177
#2,9,10,17
#1,3,4,5,6,7,8,11,12,13,14,15,16,18,19,20
#
#round 178
#4,5,8,12
#1,2,3,6,7,9,10,11,13,14,15,16,17,18,19,20
#
#round 179
#1,3,4,7
#2,5,6,8,9,10,11,12,13,14,15,16,17,18,19,20
#
#round 180
#11,12,14,19
#1,2,3,4,5,6,7,8,9,10,13,15,16,17,18,20
#
#round 181
#1,7,10,12
#2,3,4,5,6,8,9,11,13,14,15,16,17,18,19,20
#
#round 182
#8,14,15,16
#1,2,3,4,5,6,7,9,10,11,12,13,17,18,19,20
#
#round 183
#2,6,8,9
#1,3,4,5,7,10,11,12,13,14,15,16,17,18,19,20
#
#round 184
#2,5,9,10
#1,3,4,6,7,8,11,12,13,14,15,16,17,18,19,20
#
#round 185
#8,12,13,17
#1,2,3,4,5,6,7,9,10,11,14,15,16,18,19,20
#
#round 186
#2,4,7,9
#1,3,5,6,8,10,11,12,13,14,15,16,17,18,19,20
#
#round 187
#3,5,10,11
#1,2,4,6,7,8,9,12,13,14,15,16,17,18,19,20
#
#round 188
#1,11,13,20
#2,3,4,5,6,7,8,9,10,12,14,15,16,17,18,19
#
#round 189
#3,5,8,13
#1,2,4,6,7,9,10,11,12,14,15,16,17,18,19,20
#
#round 190
#3,12,15,19
#1,2,4,5,6,7,8,9,10,11,13,14,16,17,18,20
#
#round 191
#6,10,11,15
#1,2,3,4,5,7,8,9,12,13,14,16,17,18,19,20
#
#round 192
#4,7,13,15
#1,2,3,5,6,8,9,10,11,12,14,16,17,18,19,20
#
#round 193
#1,2,4,5
#3,6,7,8,9,10,11,12,13,14,15,16,17,18,19,20
#
#round 194
#1,9,10,13
#2,3,4,5,6,7,8,11,12,14,15,16,17,18,19,20
#
#round 195
#1,2,4,15
#3,5,6,7,8,9,10,11,12,13,14,16,17,18,19,20
#
#round 196
#4,6,11,18
#1,2,3,5,7,8,9,10,12,13,14,15,16,17,19,20
#
#round 197
#3,7,11,13
#1,2,4,5,6,8,9,10,12,14,15,16,17,18,19,20
#
#round 198
#1,2,3,5
#4,6,7,8,9,10,11,12,13,14,15,16,17,18,19,20
#
#round 199
#3,4,5,7
#1,2,6,8,9,10,11,12,13,14,15,16,17,18,19,20
#
#round 200
#2,4,5,11
#1,3,6,7,8,9,10,12,13,14,15,16,17,18,19,20
#
#round 201
#5,11,12,14
#1,2,3,4,6,7,8,9,10,13,15,16,17,18,19,20
#
#round 202
#7,9,12,14
#1,2,3,4,5,6,8,10,11,13,15,16,17,18,19,20
#
#round 203
#2,8,9,10
#1,3,4,5,6,7,11,12,13,14,15,16,17,18,19,20
#
#round 204
#4,5,8,14
#1,2,3,6,7,9,10,11,12,13,15,16,17,18,19,20
#
#round 205
#2,9,11,14
#1,3,4,5,6,7,8,10,12,13,15,16,17,18,19,20
#
#round 206
#4,13,17,18
#1,2,3,5,6,7,8,9,10,11,12,14,15,16,19,20
#
#round 207
#1,2,4,9
#3,5,6,7,8,10,11,12,13,14,15,16,17,18,19,20
#
#round 208
#5,7,13,14
#1,2,3,4,6,8,9,10,11,12,15,16,17,18,19,20
#
#round 209
#2,6,15,19
#1,3,4,5,7,8,9,10,11,12,13,14,16,17,18,20
#
#round 210
#3,4,8,19
#1,2,5,6,7,9,10,11,12,13,14,15,16,17,18,20
#
#round 211
#9,12,13,17
#1,2,3,4,5,6,7,8,10,11,14,15,16,18,19,20
#
#round 212
#3,9,11,12
#1,2,4,5,6,7,8,10,13,14,15,16,17,18,19,20
#
#round 213
#1,2,11,12
#3,4,5,6,7,8,9,10,13,14,15,16,17,18,19,20
#
#round 214
#2,5,7,14
#1,3,4,6,8,9,10,11,12,13,15,16,17,18,19,20
#
#round 215
#3,7,8,14
#1,2,4,5,6,9,10,11,12,13,15,16,17,18,19,20
#
#round 216
#2,3,15,19
#1,4,5,6,7,8,9,10,11,12,13,14,16,17,18,20
#
#round 217
#3,5,11,12
#1,2,4,6,7,8,9,10,13,14,15,16,17,18,19,20
#
#round 218
#2,8,12,17
#1,3,4,5,6,7,9,10,11,13,14,15,16,18,19,20
#
#round 219
#7,13,14,17
#1,2,3,4,5,6,8,9,10,11,12,15,16,18,19,20
#
#round 220
#1,9,10,12
#2,3,4,5,6,7,8,11,13,14,15,16,17,18,19,20
#
#round 221
#3,7,8,12
#1,2,4,5,6,9,10,11,13,14,15,16,17,18,19,20
#
#round 222
#4,6,7,11
#1,2,3,5,8,9,10,12,13,14,15,16,17,18,19,20
#
#round 223
#3,5,8,10
#1,2,4,6,7,9,11,12,13,14,15,16,17,18,19,20
#
#round 224
#3,9,10,15
#1,2,4,5,6,7,8,11,12,13,14,16,17,18,19,20
#
#round 225
#5,7,13,16
#1,2,3,4,6,8,9,10,11,12,14,15,17,18,19,20
#
#round 226
#1,4,6,8
#2,3,5,7,9,10,11,12,13,14,15,16,17,18,19,20
#
#round 227
#4,9,10,11
#1,2,3,5,6,7,8,12,13,14,15,16,17,18,19,20
#
#round 228
#9,12,14,17
#1,2,3,4,5,6,7,8,10,11,13,15,16,18,19,20
#
#round 229
#1,4,9,14
#2,3,5,6,7,8,10,11,12,13,15,16,17,18,19,20
#
#round 230
#7,11,13,20
#1,2,3,4,5,6,8,9,10,12,14,15,16,17,18,19
#
#round 231
#1,13,15,16
#2,3,4,5,6,7,8,9,10,11,12,14,17,18,19,20
#
#round 232
#10,13,15,19
#1,2,3,4,5,6,7,8,9,11,12,14,16,17,18,20
#
#round 233
#2,6,11,15
#1,3,4,5,7,8,9,10,12,13,14,16,17,18,19,20
#
#round 234
#1,4,8,13
#2,3,5,6,7,9,10,11,12,14,15,16,17,18,19,20
#
#round 235
#7,13,15,16
#1,2,3,4,5,6,8,9,10,11,12,14,17,18,19,20
#
#round 236
#3,5,8,12
#1,2,4,6,7,9,10,11,13,14,15,16,17,18,19,20
#
#round 237
#2,5,12,15
#1,3,4,6,7,8,9,10,11,13,14,16,17,18,19,20
#
#round 238
#5,10,15,20
#1,2,3,4,6,7,8,9,11,12,13,14,16,17,18,19
#
#round 239
#1,4,6,9
#2,3,5,7,8,10,11,12,13,14,15,16,17,18,19,20
#
#round 240
#1,8,10,12
#2,3,4,5,6,7,9,11,13,14,15,16,17,18,19,20
#
#round 241
#6,11,14,19
#1,2,3,4,5,7,8,9,10,12,13,15,16,17,18,20
#
#round 242
#1,3,9,10
#2,4,5,6,7,8,11,12,13,14,15,16,17,18,19,20
#
#round 243
#1,2,8,10
#3,4,5,6,7,9,11,12,13,14,15,16,17,18,19,20
#
#round 244
#4,6,8,17
#1,2,3,5,7,9,10,11,12,13,14,15,16,18,19,20
#
#round 245
#2,3,9,15
#1,4,5,6,7,8,10,11,12,13,14,16,17,18,19,20
#
#round 246
#1,4,5,16
#2,3,6,7,8,9,10,11,12,13,14,15,17,18,19,20
#
#round 247
#2,3,7,8
#1,4,5,6,9,10,11,12,13,14,15,16,17,18,19,20
#
#round 248
#3,6,7,8
#1,2,4,5,9,10,11,12,13,14,15,16,17,18,19,20
#
#round 249
#3,5,7,20
#1,2,4,6,8,9,10,11,12,13,14,15,16,17,18,19
#
#round 250
#1,11,12,13
#2,3,4,5,6,7,8,9,10,14,15,16,17,18,19,20
#
#round 251
#2,5,15,20
#1,3,4,6,7,8,9,10,11,12,13,14,16,17,18,19
#
#round 252
#1,4,5,10
#2,3,6,7,8,9,11,12,13,14,15,16,17,18,19,20
#
#round 253
#4,10,11,19
#1,2,3,5,6,7,8,9,12,13,14,15,16,17,18,20
#
#round 254
#7,8,13,14
#1,2,3,4,5,6,9,10,11,12,15,16,17,18,19,20
#
#round 255
#1,4,11,12
#2,3,5,6,7,8,9,10,13,14,15,16,17,18,19,20
#
#round 256
#3,5,6,7
#1,2,4,8,9,10,11,12,13,14,15,16,17,18,19,20
#
#round 257
#8,14,16,19
#1,2,3,4,5,6,7,9,10,11,12,13,15,17,18,20
#
#round 258
#3,15,16,19
#1,2,4,5,6,7,8,9,10,11,12,13,14,17,18,20
#
#round 259
#1,2,6,9
#3,4,5,7,8,10,11,12,13,14,15,16,17,18,19,20
#
#round 260
#5,6,7,10
#1,2,3,4,8,9,11,12,13,14,15,16,17,18,19,20
#
#round 261
#3,4,9,18
#1,2,5,6,7,8,10,11,12,13,14,15,16,17,19,20
#
#round 262
#9,11,12,13
#1,2,3,4,5,6,7,8,10,14,15,16,17,18,19,20
#
#round 263
#1,2,3,11
#4,5,6,7,8,9,10,12,13,14,15,16,17,18,19,20
#
#round 264
#1,4,9,13
#2,3,5,6,7,8,10,11,12,14,15,16,17,18,19,20
#
#round 265
#1,4,8,14
#2,3,5,6,7,9,10,11,12,13,15,16,17,18,19,20
#
#round 266
#1,3,4,11
#2,5,6,7,8,9,10,12,13,14,15,16,17,18,19,20
#
#round 267
#1,5,6,10
#2,3,4,7,8,9,11,12,13,14,15,16,17,18,19,20
#
#round 268
#1,8,12,14
#2,3,4,5,6,7,9,10,11,13,15,16,17,18,19,20
#
#round 269
#7,11,13,16
#1,2,3,4,5,6,8,9,10,12,14,15,17,18,19,20
#
#round 270
#2,8,10,11
#1,3,4,5,6,7,9,12,13,14,15,16,17,18,19,20
#
#round 271
#5,10,11,12
#1,2,3,4,6,7,8,9,13,14,15,16,17,18,19,20
#
#round 272
#3,7,9,10
#1,2,4,5,6,8,11,12,13,14,15,16,17,18,19,20
#
#round 273
#2,3,9,11
#1,4,5,6,7,8,10,12,13,14,15,16,17,18,19,20
#
#round 274
#3,4,8,11
#1,2,5,6,7,9,10,12,13,14,15,16,17,18,19,20
#
#round 275
#7,11,12,20
#1,2,3,4,5,6,8,9,10,13,14,15,16,17,18,19
#
#round 276
#9,10,12,15
#1,2,3,4,5,6,7,8,11,13,14,16,17,18,19,20
#
#round 277
#3,9,12,15
#1,2,4,5,6,7,8,10,11,13,14,16,17,18,19,20
#
#round 278
#2,4,5,9
#1,3,6,7,8,10,11,12,13,14,15,16,17,18,19,20
#
#round 279
#9,14,15,16
#1,2,3,4,5,6,7,8,10,11,12,13,17,18,19,20
#
#round 280
#1,12,14,17
#2,3,4,5,6,7,8,9,10,11,13,15,16,18,19,20
#
#round 281
#3,5,14,18
#1,2,4,6,7,8,9,10,11,12,13,15,16,17,19,20
#
#round 282
#3,8,11,14
#1,2,4,5,6,7,9,10,12,13,15,16,17,18,19,20
#
#round 283
#2,7,10,11
#1,3,4,5,6,8,9,12,13,14,15,16,17,18,19,20
#
#round 284
#3,11,12,15
#1,2,4,5,6,7,8,9,10,13,14,16,17,18,19,20
#
#round 285
#2,3,5,9
#1,4,6,7,8,10,11,12,13,14,15,16,17,18,19,20
#
#round 286
#1,2,12,15
#3,4,5,6,7,8,9,10,11,13,14,16,17,18,19,20
#
#round 287
#3,5,6,8
#1,2,4,7,9,10,11,12,13,14,15,16,17,18,19,20
#
#round 288
#8,11,14,16
#1,2,3,4,5,6,7,9,10,12,13,15,17,18,19,20
#
#round 289
#5,9,10,13
#1,2,3,4,6,7,8,11,12,14,15,16,17,18,19,20
#
#round 290
#3,5,7,12
#1,2,4,6,8,9,10,11,13,14,15,16,17,18,19,20
#
#round 291
#3,5,6,9
#1,2,4,7,8,10,11,12,13,14,15,16,17,18,19,20
#
#round 292
#2,4,9,15
#1,3,5,6,7,8,10,11,12,13,14,16,17,18,19,20
#
#round 293
#1,13,16,17
#2,3,4,5,6,7,8,9,10,11,12,14,15,18,19,20
#
#round 294
#2,4,5,8
#1,3,6,7,9,10,11,12,13,14,15,16,17,18,19,20
#
#round 295
#1,3,7,12
#2,4,5,6,8,9,10,11,13,14,15,16,17,18,19,20
#
#round 296
#11,12,15,16
#1,2,3,4,5,6,7,8,9,10,13,14,17,18,19,20
#
#round 297
#5,8,14,20
#1,2,3,4,6,7,9,10,11,12,13,15,16,17,18,19
#
#round 298
#9,14,17,20
#1,2,3,4,5,6,7,8,10,11,12,13,15,16,18,19
#
#round 299
#10,12,15,19
#1,2,3,4,5,6,7,8,9,11,13,14,16,17,18,20
#
#round 300
#1,4,5,12
#2,3,6,7,8,9,10,11,13,14,15,16,17,18,19,20
#
#round 301
#1,9,14,20
#2,3,4,5,6,7,8,10,11,12,13,15,16,17,18,19
#
#round 302
#3,7,12,17
#1,2,4,5,6,8,9,10,11,13,14,15,16,18,19,20
#
#round 303
#5,10,13,17
#1,2,3,4,6,7,8,9,11,12,14,15,16,18,19,20
#
#round 304
#9,10,15,16
#1,2,3,4,5,6,7,8,11,12,13,14,17,18,19,20
#
#round 305
#13,14,15,18
#1,2,3,4,5,6,7,8,9,10,11,12,16,17,19,20
#
#round 306
#3,4,7,15
#1,2,5,6,8,9,10,11,12,13,14,16,17,18,19,20
#
#round 307
#8,13,15,20
#1,2,3,4,5,6,7,9,10,11,12,14,16,17,18,19
#
#round 308
#1,2,5,10
#3,4,6,7,8,9,11,12,13,14,15,16,17,18,19,20
#
#round 309
#2,6,11,19
#1,3,4,5,7,8,9,10,12,13,14,15,16,17,18,20
#
#round 310
#1,10,11,14
#2,3,4,5,6,7,8,9,12,13,15,16,17,18,19,20
#
#round 311
#1,2,8,12
#3,4,5,6,7,9,10,11,13,14,15,16,17,18,19,20
#
#round 312
#1,3,4,15
#2,5,6,7,8,9,10,11,12,13,14,16,17,18,19,20
#
#round 313
#2,5,6,11
#1,3,4,7,8,9,10,12,13,14,15,16,17,18,19,20
#
#round 314
#5,8,14,16
#1,2,3,4,6,7,9,10,11,12,13,15,17,18,19,20
#
#round 315
#3,4,11,15
#1,2,5,6,7,8,9,10,12,13,14,16,17,18,19,20
#
#round 316
#2,4,9,11
#1,3,5,6,7,8,10,12,13,14,15,16,17,18,19,20
#
#round 317
#10,11,14,15
#1,2,3,4,5,6,7,8,9,12,13,16,17,18,19,20
#
#round 318
#2,6,7,11
#1,3,4,5,8,9,10,12,13,14,15,16,17,18,19,20
#
#round 319
#4,7,10,19
#1,2,3,5,6,8,9,11,12,13,14,15,16,17,18,20
#
#round 320
#3,8,14,15
#1,2,4,5,6,7,9,10,11,12,13,16,17,18,19,20
#
#round 321
#13,16,17,19
#1,2,3,4,5,6,7,8,9,10,11,12,14,15,18,20
#
#round 322
#5,6,9,13
#1,2,3,4,7,8,10,11,12,14,15,16,17,18,19,20
#
#round 323
#4,9,11,14
#1,2,3,5,6,7,8,10,12,13,15,16,17,18,19,20
#
#round 324
#5,11,13,20
#1,2,3,4,6,7,8,9,10,12,14,15,16,17,18,19
#
#round 325
#3,4,5,8
#1,2,6,7,9,10,11,12,13,14,15,16,17,18,19,20
#
#round 326
#2,4,11,19
#1,3,5,6,7,8,9,10,12,13,14,15,16,17,18,20
#
#round 327
#12,14,15,17
#1,2,3,4,5,6,7,8,9,10,11,13,16,18,19,20
#
#round 328
#10,11,12,15
#1,2,3,4,5,6,7,8,9,13,14,16,17,18,19,20
#
#round 329
#3,4,7,17
#1,2,5,6,8,9,10,11,12,13,14,15,16,18,19,20
#
#round 330
#2,3,9,17
#1,4,5,6,7,8,10,11,12,13,14,15,16,18,19,20
#
#round 331
#11,14,15,20
#1,2,3,4,5,6,7,8,9,10,12,13,16,17,18,19
#
#round 332
#1,8,10,16
#2,3,4,5,6,7,9,11,12,13,14,15,17,18,19,20
#
#round 333
#2,5,11,14
#1,3,4,6,7,8,9,10,12,13,15,16,17,18,19,20
#
#round 334
#6,15,19,20
#1,2,3,4,5,7,8,9,10,11,12,13,14,16,17,18
#
#round 335
#3,5,11,14
#1,2,4,6,7,8,9,10,12,13,15,16,17,18,19,20
#
#round 336
#1,8,14,16
#2,3,4,5,6,7,9,10,11,12,13,15,17,18,19,20
#
#round 337
#1,8,13,20
#2,3,4,5,6,7,9,10,11,12,14,15,16,17,18,19
#
#round 338
#5,8,10,16
#1,2,3,4,6,7,9,11,12,13,14,15,17,18,19,20
#
#round 339
#14,15,16,18
#1,2,3,4,5,6,7,8,9,10,11,12,13,17,19,20
#
#round 340
#1,4,7,10
#2,3,5,6,8,9,11,12,13,14,15,16,17,18,19,20
#
#round 341
#1,7,13,20
#2,3,4,5,6,8,9,10,11,12,14,15,16,17,18,19
#
#round 342
#6,8,13,17
#1,2,3,4,5,7,9,10,11,12,14,15,16,18,19,20
#
#round 343
#4,5,7,14
#1,2,3,6,8,9,10,11,12,13,15,16,17,18,19,20
#
#round 344
#3,11,12,18
#1,2,4,5,6,7,8,9,10,13,14,15,16,17,19,20
#
#round 345
#1,4,5,13
#2,3,6,7,8,9,10,11,12,14,15,16,17,18,19,20
#
#round 346
#1,5,10,16
#2,3,4,6,7,8,9,11,12,13,14,15,17,18,19,20
#
#round 347
#4,5,7,13
#1,2,3,6,8,9,10,11,12,14,15,16,17,18,19,20
#
#round 348
#3,5,7,13
#1,2,4,6,8,9,10,11,12,14,15,16,17,18,19,20
#
#round 349
#1,3,5,12
#2,4,6,7,8,9,10,11,13,14,15,16,17,18,19,20
#
#round 350
#4,5,7,12
#1,2,3,6,8,9,10,11,13,14,15,16,17,18,19,20
#
#round 351
#3,4,17,19
#1,2,5,6,7,8,9,10,11,12,13,14,15,16,18,20
#
#round 352
#1,5,13,20
#2,3,4,6,7,8,9,10,11,12,14,15,16,17,18,19
#
#round 353
#3,4,9,15
#1,2,5,6,7,8,10,11,12,13,14,16,17,18,19,20
#
#round 354
#1,8,13,16
#2,3,4,5,6,7,9,10,11,12,14,15,17,18,19,20
#
#round 355
#3,14,15,18
#1,2,4,5,6,7,8,9,10,11,12,13,16,17,19,20
#
#round 356
#5,12,13,15
#1,2,3,4,6,7,8,9,10,11,14,16,17,18,19,20
#
#round 357
#5,7,12,13
#1,2,3,4,6,8,9,10,11,14,15,16,17,18,19,20
#
#round 358
#3,12,15,18
#1,2,4,5,6,7,8,9,10,11,13,14,16,17,19,20
#
#round 359
#5,8,13,20
#1,2,3,4,6,7,9,10,11,12,14,15,16,17,18,19
#
#round 360
#2,6,7,9
#1,3,4,5,8,10,11,12,13,14,15,16,17,18,19,20
#
#round 361
#2,7,9,10
#1,3,4,5,6,8,11,12,13,14,15,16,17,18,19,20
#
#round 362
#5,13,15,20
#1,2,3,4,6,7,8,9,10,11,12,14,16,17,18,19
#
#round 363
#4,6,9,11
#1,2,3,5,7,8,10,12,13,14,15,16,17,18,19,20
#
#round 364
#4,11,14,15
#1,2,3,5,6,7,8,9,10,12,13,16,17,18,19,20
#
#round 365
#9,13,15,16
#1,2,3,4,5,6,7,8,10,11,12,14,17,18,19,20
#
#round 366
#1,4,14,15
#2,3,5,6,7,8,9,10,11,12,13,16,17,18,19,20
#
#round 367
#9,11,14,20
#1,2,3,4,5,6,7,8,10,12,13,15,16,17,18,19
#
#round 368
#1,3,4,5
#2,6,7,8,9,10,11,12,13,14,15,16,17,18,19,20
#
#round 369
#9,11,12,14
#1,2,3,4,5,6,7,8,10,13,15,16,17,18,19,20
#
#round 370
#1,3,5,10
#2,4,6,7,8,9,11,12,13,14,15,16,17,18,19,20
#
#round 371
#2,3,8,15
#1,4,5,6,7,9,10,11,12,13,14,16,17,18,19,20
#
#round 372
#1,4,7,12
#2,3,5,6,8,9,10,11,13,14,15,16,17,18,19,20
#
#round 373
#2,3,5,7
#1,4,6,8,9,10,11,12,13,14,15,16,17,18,19,20
#
#round 374
#2,9,10,15
#1,3,4,5,6,7,8,11,12,13,14,16,17,18,19,20
#
#round 375
#1,4,8,12
#2,3,5,6,7,9,10,11,13,14,15,16,17,18,19,20
#
#round 376
#1,7,12,14
#2,3,4,5,6,8,9,10,11,13,15,16,17,18,19,20
#
#round 377
#11,12,13,18
#1,2,3,4,5,6,7,8,9,10,14,15,16,17,19,20
#
#round 378
#4,6,7,8
#1,2,3,5,9,10,11,12,13,14,15,16,17,18,19,20
#
#round 379
#3,4,5,11
#1,2,6,7,8,9,10,12,13,14,15,16,17,18,19,20
#
#round 380
#7,14,15,16
#1,2,3,4,5,6,8,9,10,11,12,13,17,18,19,20
#
#round 381
#12,14,15,19
#1,2,3,4,5,6,7,8,9,10,11,13,16,17,18,20
#
#round 382
#3,6,8,15
#1,2,4,5,7,9,10,11,12,13,14,16,17,18,19,20
#
#round 383
#2,5,8,10
#1,3,4,6,7,9,11,12,13,14,15,16,17,18,19,20
#
#round 384
#2,3,11,15
#1,4,5,6,7,8,9,10,12,13,14,16,17,18,19,20
#
#round 385
#11,14,19,20
#1,2,3,4,5,6,7,8,9,10,12,13,15,16,17,18
#
#round 386
#5,7,10,20
#1,2,3,4,6,8,9,11,12,13,14,15,16,17,18,19
#
#round 387
#3,7,8,13
#1,2,4,5,6,9,10,11,12,14,15,16,17,18,19,20
#
#round 388
#5,8,12,13
#1,2,3,4,6,7,9,10,11,14,15,16,17,18,19,20
#
#round 389
#7,9,14,20
#1,2,3,4,5,6,8,10,11,12,13,15,16,17,18,19
#
#round 390
#9,10,13,15
#1,2,3,4,5,6,7,8,11,12,14,16,17,18,19,20
#
#round 391
#3,5,7,14
#1,2,4,6,8,9,10,11,12,13,15,16,17,18,19,20
#
#round 392
#3,9,11,13
#1,2,4,5,6,7,8,10,12,14,15,16,17,18,19,20
#
#round 393
#1,8,10,13
#2,3,4,5,6,7,9,11,12,14,15,16,17,18,19,20
#
#round 394
#3,8,11,12
#1,2,4,5,6,7,9,10,13,14,15,16,17,18,19,20
#
#round 395
#7,9,10,20
#1,2,3,4,5,6,8,11,12,13,14,15,16,17,18,19
#
#round 396
#5,11,12,16
#1,2,3,4,6,7,8,9,10,13,14,15,17,18,19,20
#
#round 397
#4,5,10,15
#1,2,3,6,7,8,9,11,12,13,14,16,17,18,19,20
#
#round 398
#3,12,17,18
#1,2,4,5,6,7,8,9,10,11,13,14,15,16,19,20
#
#round 399
#1,4,5,14
#2,3,6,7,8,9,10,11,12,13,15,16,17,18,19,20
#
#round 400
#1,9,14,16
#2,3,4,5,6,7,8,10,11,12,13,15,17,18,19,20
#
#round 401
#3,4,7,11
#1,2,5,6,8,9,10,12,13,14,15,16,17,18,19,20
#
#round 402
#2,12,15,19
#1,3,4,5,6,7,8,9,10,11,13,14,16,17,18,20
#
#round 403
#1,9,12,13
#2,3,4,5,6,7,8,10,11,14,15,16,17,18,19,20
#
#round 404
#5,6,13,17
#1,2,3,4,7,8,9,10,11,12,14,15,16,18,19,20
#
#round 405
#1,3,8,12
#2,4,5,6,7,9,10,11,13,14,15,16,17,18,19,20
#
#round 406
#3,5,7,16
#1,2,4,6,8,9,10,11,12,13,14,15,17,18,19,20
#
#round 407
#3,4,17,18
#1,2,5,6,7,8,9,10,11,12,13,14,15,16,19,20
#
#round 408
#7,10,13,15
#1,2,3,4,5,6,8,9,11,12,14,16,17,18,19,20
#
#round 409
#1,8,12,20
#2,3,4,5,6,7,9,10,11,13,14,15,16,17,18,19
#
#round 410
#1,5,12,13
#2,3,4,6,7,8,9,10,11,14,15,16,17,18,19,20
#
#round 411
#9,10,13,17
#1,2,3,4,5,6,7,8,11,12,14,15,16,18,19,20
#
#round 412
#4,7,11,14
#1,2,3,5,6,8,9,10,12,13,15,16,17,18,19,20
#
#round 413
#1,2,6,11
#3,4,5,7,8,9,10,12,13,14,15,16,17,18,19,20
#
#round 414
#13,14,15,17
#1,2,3,4,5,6,7,8,9,10,11,12,16,18,19,20
#
#round 415
#5,11,13,14
#1,2,3,4,6,7,8,9,10,12,15,16,17,18,19,20
#
#round 416
#5,11,12,13
#1,2,3,4,6,7,8,9,10,14,15,16,17,18,19,20
#
#round 417
#4,7,9,10
#1,2,3,5,6,8,11,12,13,14,15,16,17,18,19,20
#
#round 418
#5,8,10,13
#1,2,3,4,6,7,9,11,12,14,15,16,17,18,19,20
#
#round 419
#5,6,8,12
#1,2,3,4,7,9,10,11,13,14,15,16,17,18,19,20
#
## 12
#round 0
#1,3,4,5,6,7,9,10,11,12,15,20
#2,8,13,14,16,17,18,19
#
#round 1
#1,2,3,5,7,8,10,13,16,17,19,20
#4,6,9,11,12,14,15,18
#
#round 2
#3,4,6,7,8,9,10,11,14,15,16,17
#1,2,5,12,13,18,19,20
#
#round 3
#1,2,3,4,5,7,9,10,11,12,15,20
#6,8,13,14,16,17,18,19
#
#round 4
#1,2,3,5,6,7,8,9,14,16,19,20
#4,10,11,12,13,15,17,18
#
#round 5
#1,2,3,4,5,7,8,9,10,12,15,20
#6,11,13,14,16,17,18,19
#
#round 6
#1,2,3,4,5,6,7,8,9,13,19,20
#10,11,12,14,15,16,17,18
#
#round 7
#2,3,5,6,9,10,11,12,15,16,17,18
#1,4,7,8,13,14,19,20
#
#round 8
#1,3,4,5,6,7,9,11,13,14,16,18
#2,8,10,12,15,17,19,20
#
#round 9
#1,3,4,5,6,7,8,10,11,12,16,17
#2,9,13,14,15,18,19,20
#
#round 10
#1,2,3,4,5,6,7,9,10,11,14,15
#8,12,13,16,17,18,19,20
#
#round 11
#1,4,5,6,7,8,9,10,11,13,14,16
#2,3,12,15,17,18,19,20
#
#round 12
#1,2,3,4,5,6,7,8,9,11,13,14
#10,12,15,16,17,18,19,20
#
#round 13
#1,2,3,4,5,6,8,9,10,11,16,19
#7,12,13,14,15,17,18,20
#
#round 14
#1,2,3,5,7,8,10,11,12,14,15,20
#4,6,9,13,16,17,18,19
#
#round 15
#1,2,3,4,9,10,11,12,15,17,19,20
#5,6,7,8,13,14,16,18
#
#round 16
#2,4,6,7,9,10,11,12,15,17,18,20
#1,3,5,8,13,14,16,19
#
#round 17
#1,3,4,5,6,7,9,10,11,12,14,18
#2,8,13,15,16,17,19,20
#
#round 18
#1,2,3,4,5,6,7,8,9,11,12,20
#10,13,14,15,16,17,18,19
#
#round 19
#2,3,4,5,6,7,8,9,11,12,15,20
#1,10,13,14,16,17,18,19
#
#round 20
#1,2,3,4,7,8,9,10,11,12,13,19
#5,6,14,15,16,17,18,20
#
#round 21
#2,3,4,5,6,7,8,9,11,12,17,20
#1,10,13,14,15,16,18,19
#
#round 22
#1,2,4,5,6,7,8,9,10,11,12,13
#3,14,15,16,17,18,19,20
#
#round 23
#1,3,4,5,6,7,8,9,10,12,16,17
#2,11,13,14,15,18,19,20
#
#round 24
#2,3,4,8,9,10,11,12,15,16,17,18
#1,5,6,7,13,14,19,20
#
#round 25
#3,5,7,8,9,10,11,12,13,16,17,20
#1,2,4,6,14,15,18,19
#
#round 26
#2,3,4,8,9,10,11,12,13,15,17,18
#1,5,6,7,14,16,19,20
#
#round 27
#1,4,5,6,7,9,10,11,13,14,15,16
#2,3,8,12,17,18,19,20
#
#round 28
#1,2,3,4,5,6,7,9,10,11,14,19
#8,12,13,15,16,17,18,20
#
#round 29
#1,2,3,5,6,7,8,10,11,12,13,15
#4,9,14,16,17,18,19,20
#
#round 30
#1,2,3,4,5,7,8,9,10,12,14,17
#6,11,13,15,16,18,19,20
#
#round 31
#1,2,3,4,5,7,9,11,13,15,16,20
#6,8,10,12,14,17,18,19
#
#round 32
#1,4,5,7,8,9,10,11,12,13,16,20
#2,3,6,14,15,17,18,19
#
#round 33
#1,4,5,6,7,8,10,11,12,14,15,20
#2,3,9,13,16,17,18,19
#
#round 34
#1,3,4,5,6,9,10,11,12,14,15,19
#2,7,8,13,16,17,18,20
#
#round 35
#1,2,4,5,6,8,9,11,13,15,16,20
#3,7,10,12,14,17,18,19
#
#round 36
#1,2,3,4,5,6,7,8,10,11,19,20
#9,12,13,14,15,16,17,18
#
#round 37
#1,2,3,6,7,8,9,10,11,12,16,19
#4,5,13,14,15,17,18,20
#
#round 38
#1,2,3,4,6,7,8,10,15,16,17,19
#5,9,11,12,13,14,18,20
#
#round 39
#1,3,5,7,8,9,10,12,13,14,17,20
#2,4,6,11,15,16,18,19
#
#round 40
#1,2,3,5,6,7,8,10,12,13,15,19
#4,9,11,14,16,17,18,20
#
#round 41
#1,2,4,5,6,7,9,10,11,12,13,19
#3,8,14,15,16,17,18,20
#
#round 42
#1,2,3,4,5,6,8,10,15,16,17,19
#7,9,11,12,13,14,18,20
#
#round 43
#1,2,3,4,5,6,7,9,10,11,13,19
#8,12,14,15,16,17,18,20
#
#round 44
#1,2,3,4,5,6,8,9,11,12,16,19
#7,10,13,14,15,17,18,20
#
#round 45
#1,2,3,4,5,7,8,9,10,11,12,14
#6,13,15,16,17,18,19,20
#
#round 46
#1,2,3,4,5,6,7,9,11,13,19,20
#8,10,12,14,15,16,17,18
#
#round 47
#1,2,3,9,10,11,12,13,14,15,18,19
#4,5,6,7,8,16,17,20
#
#round 48
#1,2,3,4,6,7,8,9,10,11,13,19
#5,12,14,15,16,17,18,20
#
#round 49
#2,3,5,6,9,11,14,15,16,18,19,20
#1,4,7,8,10,12,13,17
#
#round 50
#1,2,3,5,7,9,11,12,13,16,19,20
#4,6,8,10,14,15,17,18
#
#round 51
#1,2,3,5,6,8,13,15,16,18,19,20
#4,7,9,10,11,12,14,17
#
#round 52
#1,4,5,6,7,8,10,11,14,16,18,20
#2,3,9,12,13,15,17,19
#
#round 53
#1,2,3,4,5,6,8,9,10,11,19,20
#7,12,13,14,15,16,17,18
#
#round 54
#1,2,3,5,6,7,9,10,11,12,13,19
#4,8,14,15,16,17,18,20
#
#round 55
#1,3,4,5,6,9,10,11,12,14,15,18
#2,7,8,13,16,17,19,20
#
#round 56
#1,2,3,4,6,7,8,9,10,11,19,20
#5,12,13,14,15,16,17,18
#
#round 57
#1,2,3,5,6,7,8,11,14,15,16,20
#4,9,10,12,13,17,18,19
#
#round 58
#1,2,3,4,5,6,7,8,11,12,13,19
#9,10,14,15,16,17,18,20
#
#round 59
#1,2,3,4,5,6,7,8,9,12,14,15
#10,11,13,16,17,18,19,20
#
#round 60
#2,3,4,5,7,8,9,10,11,12,13,18
#1,6,14,15,16,17,19,20
#
#round 61
#1,2,3,4,5,7,9,11,14,16,17,20
#6,8,10,12,13,15,18,19
#
#round 62
#1,3,4,5,7,8,10,11,12,14,16,17
#2,6,9,13,15,18,19,20
#
#round 63
#1,2,3,4,5,7,9,10,11,12,14,17
#6,8,13,15,16,18,19,20
#
#round 64
#2,3,4,5,6,7,8,9,10,11,16,18
#1,12,13,14,15,17,19,20
#
#round 65
#1,2,3,4,5,6,8,9,10,11,13,15
#7,12,14,16,17,18,19,20
#
#round 66
#2,3,4,5,6,7,8,12,15,16,17,19
#1,9,10,11,13,14,18,20
#
#round 67
#2,3,4,5,7,8,9,10,11,12,14,18
#1,6,13,15,16,17,19,20
#
#round 68
#2,3,4,5,6,7,8,9,10,11,19,20
#1,12,13,14,15,16,17,18
#
#round 69
#1,2,3,5,6,7,8,9,14,15,16,20
#4,10,11,12,13,17,18,19
#
#round 70
#1,2,3,4,6,7,8,9,11,12,14,18
#5,10,13,15,16,17,19,20
#
#round 71
#3,4,5,6,7,8,9,10,11,12,14,18
#1,2,13,15,16,17,19,20
#
#round 72
#1,2,3,4,5,6,7,8,9,10,11,16
#12,13,14,15,17,18,19,20
#
#round 73
#2,3,4,5,6,7,8,12,13,15,17,19
#1,9,10,11,14,16,18,20
#
#round 74
#1,2,3,6,7,8,9,11,12,14,19,20
#4,5,10,13,15,16,17,18
#
#round 75
#1,2,3,4,5,7,9,11,13,14,19,20
#6,8,10,12,15,16,17,18
#
#round 76
#1,2,3,4,5,7,8,9,10,12,16,18
#6,11,13,14,15,17,19,20
#
#round 77
#1,2,3,4,5,6,7,8,10,11,13,15
#9,12,14,16,17,18,19,20
#
#round 78
#1,2,3,4,5,6,8,9,10,11,13,19
#7,12,14,15,16,17,18,20
#
#round 79
#1,5,6,7,9,10,11,12,13,14,19,20
#2,3,4,8,15,16,17,18
#
#round 80
#1,3,6,7,8,9,10,11,12,13,15,16
#2,4,5,14,17,18,19,20
#
#round 81
#1,2,3,4,5,6,7,8,11,12,19,20
#9,10,13,14,15,16,17,18
#
#round 82
#1,5,6,7,9,10,11,12,13,14,15,16
#2,3,4,8,17,18,19,20
#
#round 83
#1,5,6,7,8,9,10,12,13,14,19,20
#2,3,4,11,15,16,17,18
#
#round 84
#2,3,5,6,7,8,9,11,13,14,17,20
#1,4,10,12,15,16,18,19
#
#round 85
#2,3,5,6,7,8,10,12,15,16,18,19
#1,4,9,11,13,14,17,20
#
#round 86
#3,4,6,7,9,11,13,15,16,17,18,20
#1,2,5,8,10,12,14,19
#
#round 87
#1,2,3,5,7,8,9,10,12,13,14,19
#4,6,11,15,16,17,18,20
#
#round 88
#1,2,3,5,6,7,8,11,12,14,19,20
#4,9,10,13,15,16,17,18
#
#round 89
#2,3,4,5,6,7,8,10,15,16,17,19
#1,9,11,12,13,14,18,20
#
#round 90
#1,2,3,4,6,7,8,9,10,11,15,16
#5,12,13,14,17,18,19,20
#
#round 91
#1,2,3,4,5,7,8,9,10,11,13,20
#6,12,14,15,16,17,18,19
#
#round 92
#1,3,4,5,6,10,11,12,14,15,17,19
#2,7,8,9,13,16,18,20
#
#round 93
#1,2,3,5,6,8,10,12,14,15,17,18
#4,7,9,11,13,16,19,20
#
#round 94
#1,2,4,7,8,9,10,11,12,13,14,17
#3,5,6,15,16,18,19,20
#
#round 95
#1,2,3,5,6,7,8,9,13,14,19,20
#4,10,11,12,15,16,17,18
#
#round 96
#1,3,4,5,6,8,10,12,15,16,18,19
#2,7,9,11,13,14,17,20
#
#round 97
#1,2,3,4,5,6,7,9,10,11,15,20
#8,12,13,14,16,17,18,19
#
#round 98
#1,2,4,6,7,8,9,10,11,12,15,20
#3,5,13,14,16,17,18,19
#
#round 99
#1,3,4,5,6,7,8,9,10,12,13,19
#2,11,14,15,16,17,18,20
#
#round 100
#1,2,3,4,5,6,7,8,9,10,14,19
#11,12,13,15,16,17,18,20
#
#round 101
#1,2,6,7,8,9,10,11,12,14,18,20
#3,4,5,13,15,16,17,19
#
#round 102
#1,2,3,4,5,6,7,9,10,11,14,18
#8,12,13,15,16,17,19,20
#
#round 103
#2,3,4,5,6,9,10,11,15,16,18,19
#1,7,8,12,13,14,17,20
#
#round 104
#3,4,6,8,9,10,11,12,14,15,17,18
#1,2,5,7,13,16,19,20
#
#round 105
#1,4,6,7,8,9,10,11,12,13,14,19
#2,3,5,15,16,17,18,20
#
#round 106
#1,2,3,4,5,6,7,9,11,12,16,19
#8,10,13,14,15,17,18,20
#
#round 107
#1,2,3,4,5,6,7,8,10,11,12,19
#9,13,14,15,16,17,18,20
#
#round 108
#1,2,3,4,6,7,8,9,10,11,14,19
#5,12,13,15,16,17,18,20
#
#round 109
#2,3,4,5,6,9,10,11,14,15,17,18
#1,7,8,12,13,16,19,20
#
#round 110
#2,3,4,5,7,8,9,10,11,12,15,16
#1,6,13,14,17,18,19,20
#
#round 111
#2,3,5,6,7,8,9,10,11,12,19,20
#1,4,13,14,15,16,17,18
#
#round 112
#1,6,7,8,9,10,11,12,13,14,15,16
#2,3,4,5,17,18,19,20
#
#round 113
#1,5,6,7,8,10,11,12,13,14,16,18
#2,3,4,9,15,17,19,20
#
#round 114
#1,2,3,5,6,7,8,9,13,14,16,18
#4,10,11,12,15,17,19,20
#
#round 115
#1,4,5,7,8,9,10,11,12,14,16,20
#2,3,6,13,15,17,18,19
#
#round 116
#1,4,5,7,8,10,11,12,14,16,19,20
#2,3,6,9,13,15,17,18
#
#round 117
#1,3,4,6,9,10,11,12,14,15,17,19
#2,5,7,8,13,16,18,20
#
#round 118
#1,2,3,5,6,7,8,10,11,12,16,19
#4,9,13,14,15,17,18,20
#
#round 119
#1,2,3,4,5,6,7,8,9,10,11,13
#12,14,15,16,17,18,19,20
#
#round 120
#2,3,4,5,6,7,8,9,11,12,19,20
#1,10,13,14,15,16,17,18
#
#round 121
#1,2,4,6,9,10,11,12,15,17,18,20
#3,5,7,8,13,14,16,19
#
#round 122
#2,4,5,6,7,8,9,10,11,12,15,20
#1,3,13,14,16,17,18,19
#
#round 123
#3,5,7,8,10,12,14,15,16,17,19,20
#1,2,4,6,9,11,13,18
#
#round 124
#1,2,3,4,6,9,11,12,14,15,17,18
#5,7,8,10,13,16,19,20
#
#round 125
#2,3,4,5,7,8,9,10,11,12,17,20
#1,6,13,14,15,16,18,19
#
#round 126
#1,2,3,4,5,6,7,8,11,13,16,19
#9,10,12,14,15,17,18,20
#
#round 127
#1,2,4,5,6,10,11,12,15,17,19,20
#3,7,8,9,13,14,16,18
#
#round 128
#1,2,3,5,6,7,8,11,12,13,14,18
#4,9,10,15,16,17,19,20
#
#round 129
#1,2,3,5,6,7,8,10,12,14,15,17
#4,9,11,13,16,18,19,20
#
#round 130
#1,2,4,5,6,7,8,9,10,11,12,20
#3,13,14,15,16,17,18,19
#
#round 131
#2,4,5,6,9,11,13,15,16,18,19,20
#1,3,7,8,10,12,14,17
#
#round 132
#1,2,4,5,6,8,9,10,11,12,16,19
#3,7,13,14,15,17,18,20
#
#round 133
#1,2,3,4,5,8,9,10,11,12,14,17
#6,7,13,15,16,18,19,20
#
#round 134
#1,2,5,7,8,9,10,11,12,13,14,16
#3,4,6,15,17,18,19,20
#
#round 135
#1,2,3,4,5,6,7,8,10,11,13,19
#9,12,14,15,16,17,18,20
#
#round 136
#1,3,4,5,6,7,8,10,11,12,19,20
#2,9,13,14,15,16,17,18
#
#round 137
#1,2,3,4,7,8,9,11,14,16,18,20
#5,6,10,12,13,15,17,19
#
#round 138
#3,4,5,6,9,10,11,12,15,17,19,20
#1,2,7,8,13,14,16,18
#
#round 139
#1,2,3,5,7,8,9,10,11,12,13,16
#4,6,14,15,17,18,19,20
#
#round 140
#2,3,4,6,7,9,10,11,12,15,18,19
#1,5,8,13,14,16,17,20
#
#round 141
#1,2,3,4,5,6,9,11,12,13,15,18
#7,8,10,14,16,17,19,20
#
#round 142
#1,2,3,5,6,7,8,10,11,12,13,19
#4,9,14,15,16,17,18,20
#
#round 143
#1,2,3,4,5,7,8,9,10,12,15,16
#6,11,13,14,17,18,19,20
#
#round 144
#1,2,3,5,6,7,8,11,12,14,16,17
#4,9,10,13,15,18,19,20
#
#round 145
#1,2,3,5,7,8,11,12,13,14,16,19
#4,6,9,10,15,17,18,20
#
#round 146
#1,2,3,4,5,6,7,8,9,11,12,14
#10,13,15,16,17,18,19,20
#
#round 147
#2,3,4,5,6,7,8,9,11,12,14,17
#1,10,13,15,16,18,19,20
#
#round 148
#1,2,3,5,7,8,9,10,12,13,18,20
#4,6,11,14,15,16,17,19
#
#round 149
#3,4,6,7,9,10,11,12,13,15,17,19
#1,2,5,8,14,16,18,20
#
#round 150
#1,2,4,5,6,7,8,9,10,12,15,20
#3,11,13,14,16,17,18,19
#
#round 151
#1,2,3,4,5,6,7,8,9,10,16,19
#11,12,13,14,15,17,18,20
#
#round 152
#1,3,4,5,6,7,8,11,13,16,17,20
#2,9,10,12,14,15,18,19
#
#round 153
#1,2,4,5,6,7,8,10,11,12,15,16
#3,9,13,14,17,18,19,20
#
#round 154
#1,2,3,4,5,6,7,8,9,11,12,13
#10,14,15,16,17,18,19,20
#
#round 155
#1,2,3,4,5,6,7,8,12,13,15,19
#9,10,11,14,16,17,18,20
#
#round 156
#1,2,3,4,5,6,9,10,12,15,17,19
#7,8,11,13,14,16,18,20
#
#round 157
#1,2,3,5,6,7,8,9,11,13,14,20
#4,10,12,15,16,17,18,19
#
#round 158
#2,3,4,5,7,8,9,10,11,12,16,18
#1,6,13,14,15,17,19,20
#
#round 159
#2,3,4,5,6,7,8,9,11,12,13,19
#1,10,14,15,16,17,18,20
#
#round 160
#2,3,4,6,7,9,10,11,12,15,17,19
#1,5,8,13,14,16,18,20
#
#round 161
#1,3,5,6,7,8,9,10,12,13,19,20
#2,4,11,14,15,16,17,18
#
#round 162
#1,3,4,5,6,7,8,11,13,15,16,20
#2,9,10,12,14,17,18,19
#
#round 163
#1,2,4,5,6,10,11,12,13,15,17,19
#3,7,8,9,14,16,18,20
#
#round 164
#1,2,3,5,7,8,9,10,11,13,14,20
#4,6,12,15,16,17,18,19
#
#round 165
#1,2,3,5,6,7,8,10,11,12,14,19
#4,9,13,15,16,17,18,20
#
#round 166
#1,3,4,5,6,7,8,10,11,12,18,20
#2,9,13,14,15,16,17,19
#
#round 167
#1,2,3,4,5,6,7,8,11,12,14,17
#9,10,13,15,16,18,19,20
#
#round 168
#5,6,9,10,11,12,13,15,16,17,18,20
#1,2,3,4,7,8,14,19
#
#round 169
#1,2,3,4,5,6,7,8,10,12,15,19
#9,11,13,14,16,17,18,20
#
#round 170
#1,2,3,4,5,6,7,8,9,12,15,20
#10,11,13,14,16,17,18,19
#
#round 171
#1,2,3,4,5,7,8,11,13,14,17,20
#6,9,10,12,15,16,18,19
#
#round 172
#1,3,4,5,6,7,9,10,11,12,16,19
#2,8,13,14,15,17,18,20
#
#round 173
#1,2,3,4,5,6,7,9,10,11,12,18
#8,13,14,15,16,17,19,20
#
#round 174
#1,2,3,4,5,6,7,9,10,11,19,20
#8,12,13,14,15,16,17,18
#
#round 175
#1,3,4,5,6,7,8,11,13,14,15,16
#2,9,10,12,17,18,19,20
#
#round 176
#2,4,6,8,9,10,11,12,13,15,17,18
#1,3,5,7,14,16,19,20
#
#round 177
#1,2,3,4,5,6,8,9,10,11,18,20
#7,12,13,14,15,16,17,19
#
#round 178
#1,4,5,7,8,10,11,12,13,14,15,16
#2,3,6,9,17,18,19,20
#
#round 179
#2,3,7,8,10,11,12,14,15,17,18,20
#1,4,5,6,9,13,16,19
#
#round 180
#2,3,4,5,6,9,11,12,15,16,18,19
#1,7,8,10,13,14,17,20
#
#round 181
#1,2,4,6,9,11,13,14,15,16,17,18
#3,5,7,8,10,12,19,20
#
#round 182
#1,2,5,9,10,11,12,14,16,17,19,20
#3,4,6,7,8,13,15,18
#
#round 183
#2,3,4,5,7,8,9,10,11,12,16,17
#1,6,13,14,15,18,19,20
#
#round 184
#1,3,4,5,6,7,9,10,11,13,15,20
#2,8,12,14,16,17,18,19
#
#round 185
#1,2,3,4,5,6,7,8,11,12,13,15
#9,10,14,16,17,18,19,20
#
#round 186
#1,3,4,6,7,8,9,10,11,12,14,18
#2,5,13,15,16,17,19,20
#
#round 187
#1,2,3,6,7,8,9,11,13,14,18,20
#4,5,10,12,15,16,17,19
#
#round 188
#1,2,5,7,8,9,10,11,12,13,16,20
#3,4,6,14,15,17,18,19
#
#round 189
#1,4,5,6,7,8,9,10,11,12,13,16
#2,3,14,15,17,18,19,20
#
#round 190
#1,2,3,4,5,6,8,9,11,12,13,17
#7,10,14,15,16,18,19,20
#
#round 191
#1,4,5,8,10,12,13,14,15,16,18,19
#2,3,6,7,9,11,17,20
#
#round 192
#1,3,4,5,6,7,9,10,11,12,13,18
#2,8,14,15,16,17,19,20
#
#round 193
#1,2,5,7,9,10,11,12,13,14,15,20
#3,4,6,8,16,17,18,19
#
#round 194
#1,2,4,5,6,7,8,10,12,14,15,19
#3,9,11,13,16,17,18,20
#
#round 195
#1,2,3,5,6,7,8,9,10,12,14,15
#4,11,13,16,17,18,19,20
#
#round 196
#2,3,4,5,6,9,10,11,12,15,17,19
#1,7,8,13,14,16,18,20
#
#round 197
#1,2,4,6,9,10,11,12,14,15,18,19
#3,5,7,8,13,16,17,20
#
#round 198
#1,2,3,4,5,6,7,8,9,12,16,19
#10,11,13,14,15,17,18,20
#
#round 199
#1,2,4,5,6,7,8,10,11,12,16,19
#3,9,13,14,15,17,18,20
#
#round 200
#2,3,4,5,6,7,8,9,11,12,13,15
#1,10,14,16,17,18,19,20
#
#round 201
#1,2,3,4,5,8,9,10,11,12,14,18
#6,7,13,15,16,17,19,20
#
#round 202
#2,3,6,7,8,11,13,14,15,16,17,18
#1,4,5,9,10,12,19,20
#
#round 203
#1,2,3,4,5,6,8,9,11,12,16,18
#7,10,13,14,15,17,19,20
#
#round 204
#1,2,4,5,6,8,9,10,11,12,18,20
#3,7,13,14,15,16,17,19
#
#round 205
#1,3,5,7,10,12,13,14,15,16,17,19
#2,4,6,8,9,11,18,20
#
#round 206
#1,2,3,5,7,8,9,11,12,14,16,20
#4,6,10,13,15,17,18,19
#
#round 207
#1,2,4,5,6,7,9,10,11,12,15,16
#3,8,13,14,17,18,19,20
#
#round 208
#1,2,3,4,5,6,8,9,10,11,12,15
#7,13,14,16,17,18,19,20
#
#round 209
#3,4,5,6,7,8,9,11,13,14,15,16
#1,2,10,12,17,18,19,20
#
#round 210
#1,2,3,4,5,6,7,8,9,12,19,20
#10,11,13,14,15,16,17,18
#
#round 211
#3,4,6,8,9,10,11,12,14,15,17,19
#1,2,5,7,13,16,18,20
#
#round 212
#1,3,4,5,6,7,8,9,10,11,12,14
#2,13,15,16,17,18,19,20
#
#round 213
#1,4,5,6,7,8,12,13,14,15,16,17
#2,3,9,10,11,18,19,20
#
#round 214
#1,3,4,5,6,7,8,9,10,12,15,20
#2,11,13,14,16,17,18,19
#
#round 215
#1,3,4,5,6,7,8,9,10,12,14,19
#2,11,13,15,16,17,18,20
#
#round 216
#1,2,3,4,5,6,9,10,11,12,15,18
#7,8,13,14,16,17,19,20
#
#round 217
#1,2,3,5,7,8,9,10,11,12,14,20
#4,6,13,15,16,17,18,19
#
#round 218
#1,2,3,5,6,7,8,11,13,14,15,16
#4,9,10,12,17,18,19,20
#
#round 219
#3,4,5,6,7,8,14,15,16,18,19,20
#1,2,9,10,11,12,13,17
#
#round 220
#1,2,3,4,5,6,7,8,10,11,12,15
#9,13,14,16,17,18,19,20
#
#round 221
#2,4,5,6,7,8,9,10,11,12,13,19
#1,3,14,15,16,17,18,20
#
#round 222
#1,2,3,4,7,8,9,10,11,12,13,15
#5,6,14,16,17,18,19,20
#
#round 223
#1,4,5,6,7,10,12,14,15,16,17,18
#2,3,8,9,11,13,19,20
#
#round 224
#2,3,5,6,7,8,9,10,11,12,15,20
#1,4,13,14,16,17,18,19
#
#round 225
#1,2,3,4,9,10,11,12,13,15,17,18
#5,6,7,8,14,16,19,20
#
#round 226
#2,3,4,5,6,7,8,9,10,11,13,15
#1,12,14,16,17,18,19,20
#
#round 227
#1,3,7,8,9,10,11,12,13,14,17,20
#2,4,5,6,15,16,18,19
#
#round 228
#1,2,3,4,5,6,7,8,12,15,17,20
#9,10,11,13,14,16,18,19
#
#round 229
#2,3,4,5,9,11,13,14,16,17,18,19
#1,6,7,8,10,12,15,20
#
#round 230
#1,2,3,4,5,6,7,8,10,11,14,15
#9,12,13,16,17,18,19,20
#
#round 231
#1,2,3,4,5,6,7,8,11,12,14,15
#9,10,13,16,17,18,19,20
#
#round 232
#1,2,3,4,5,7,10,11,12,13,15,19
#6,8,9,14,16,17,18,20
#
#round 233
#1,3,4,5,6,8,9,10,11,12,16,18
#2,7,13,14,15,17,19,20
#
#round 234
#1,2,3,4,5,6,7,8,9,10,15,16
#11,12,13,14,17,18,19,20
#
#round 235
#1,5,6,7,9,10,11,12,13,14,16,17
#2,3,4,8,15,18,19,20
#
#round 236
#2,3,4,5,6,7,8,9,11,13,14,17
#1,10,12,15,16,18,19,20
#
#round 237
#1,2,4,6,7,8,9,11,13,16,19,20
#3,5,10,12,14,15,17,18
#
#round 238
#1,3,4,5,6,7,8,10,12,15,17,20
#2,9,11,13,14,16,18,19
#
#round 239
#1,2,3,4,6,7,8,9,10,11,13,18
#5,12,14,15,16,17,19,20
#
#round 240
#1,2,3,5,6,7,8,13,16,17,19,20
#4,9,10,11,12,14,15,18
#
#round 241
#1,2,4,5,6,7,8,9,10,12,15,16
#3,11,13,14,17,18,19,20
#
#round 242
#1,3,4,5,6,7,8,9,10,12,14,15
#2,11,13,16,17,18,19,20
#
#round 243
#4,5,7,8,9,10,11,12,13,14,15,16
#1,2,3,6,17,18,19,20
#
#round 244
#1,2,3,4,6,7,8,9,10,11,13,15
#5,12,14,16,17,18,19,20
#
#round 245
#2,3,4,5,6,8,9,10,15,16,17,19
#1,7,11,12,13,14,18,20
#
#round 246
#1,2,3,5,7,8,9,12,14,16,18,20
#4,6,10,11,13,15,17,19
#
#round 247
#2,4,5,6,9,10,11,12,14,15,17,18
#1,3,7,8,13,16,19,20
#
#round 248
#2,3,4,5,6,9,10,11,12,15,17,18
#1,7,8,13,14,16,19,20
#
#round 249
#1,2,4,5,6,7,8,9,11,13,14,20
#3,10,12,15,16,17,18,19
#
#round 250
#1,2,3,4,6,9,10,11,13,15,17,19
#5,7,8,12,14,16,18,20
#
#round 251
#1,2,3,4,5,6,8,10,12,15,17,19
#7,9,11,13,14,16,18,20
#
#round 252
#2,4,5,6,7,8,10,12,13,17,18,19
#1,3,9,11,14,15,16,20
#
#round 253
#1,2,3,5,6,7,9,10,11,12,16,19
#4,8,13,14,15,17,18,20
#
#round 254
#1,2,3,4,5,6,7,8,11,12,16,18
#9,10,13,14,15,17,19,20
#
#round 255
#2,3,4,5,6,7,8,9,11,12,16,19
#1,10,13,14,15,17,18,20
#
#round 256
#1,2,3,4,5,6,7,8,9,11,14,20
#10,12,13,15,16,17,18,19
#
#round 257
#2,4,6,8,9,10,11,12,15,16,17,18
#1,3,5,7,13,14,19,20
#
#round 258
#2,3,4,6,7,9,10,11,14,15,17,18
#1,5,8,12,13,16,19,20
#
#round 259
#1,3,4,6,7,8,9,10,11,12,15,20
#2,5,13,14,16,17,18,19
#
#round 260
#1,2,3,4,5,6,7,8,13,15,16,19
#9,10,11,12,14,17,18,20
#
#round 261
#1,2,3,5,7,8,9,10,13,14,18,20
#4,6,11,12,15,16,17,19
#
#round 262
#2,3,4,6,8,9,10,11,12,15,17,18
#1,5,7,13,14,16,19,20
#
#round 263
#1,2,4,5,6,7,8,11,14,15,16,20
#3,9,10,12,13,17,18,19
#
#round 264
#1,2,4,5,6,7,8,10,11,12,13,15
#3,9,14,16,17,18,19,20
#
#round 265
#1,5,6,7,8,10,11,12,13,14,16,17
#2,3,4,9,15,18,19,20
#
#round 266
#1,3,4,5,6,7,9,10,11,12,13,19
#2,8,14,15,16,17,18,20
#
#round 267
#1,2,3,4,5,6,7,8,10,11,18,20
#9,12,13,14,15,16,17,19
#
#round 268
#2,3,4,5,6,7,8,9,10,11,13,19
#1,12,14,15,16,17,18,20
#
#round 269
#1,2,3,4,5,7,9,11,13,14,15,16
#6,8,10,12,17,18,19,20
#
#round 270
#1,2,3,4,5,8,9,10,11,12,15,20
#6,7,13,14,16,17,18,19
#
#round 271
#2,3,5,6,7,8,10,12,13,15,18,19
#1,4,9,11,14,16,17,20
#
#round 272
#1,2,4,5,6,7,9,11,13,14,15,16
#3,8,10,12,17,18,19,20
#
#round 273
#1,2,3,4,5,6,7,8,9,11,13,20
#10,12,14,15,16,17,18,19
#
#round 274
#2,3,4,5,6,9,11,12,15,17,18,20
#1,7,8,10,13,14,16,19
#
#round 275
#2,3,4,5,6,7,8,9,10,11,12,19
#1,13,14,15,16,17,18,20
#
#round 276
#1,2,4,5,6,7,8,11,13,16,18,20
#3,9,10,12,14,15,17,19
#
#round 277
#1,2,3,5,6,7,8,9,10,11,12,16
#4,13,14,15,17,18,19,20
#
#round 278
#1,2,3,4,5,6,8,9,10,11,12,18
#7,13,14,15,16,17,19,20
#
#round 279
#3,4,6,8,9,11,13,14,15,18,19,20
#1,2,5,7,10,12,16,17
#
#round 280
#1,2,4,5,6,7,8,10,11,12,14,18
#3,9,13,15,16,17,19,20
#
#round 281
#1,2,3,5,6,7,9,11,13,14,15,20
#4,8,10,12,16,17,18,19
#
#round 282
#1,2,4,5,6,7,8,11,13,16,19,20
#3,9,10,12,14,15,17,18
#
#round 283
#2,3,4,5,7,8,9,10,11,12,16,19
#1,6,13,14,15,17,18,20
#
#round 284
#1,4,5,7,8,9,10,12,13,14,15,20
#2,3,6,11,16,17,18,19
#
#round 285
#1,2,3,4,5,6,8,9,11,12,19,20
#7,10,13,14,15,16,17,18
#
#round 286
#1,2,5,7,8,10,11,12,14,15,16,20
#3,4,6,9,13,17,18,19
#
#round 287
#2,3,4,6,7,8,9,11,12,13,15,18
#1,5,10,14,16,17,19,20
#
#round 288
#1,2,3,4,5,7,8,9,13,14,16,18
#6,10,11,12,15,17,19,20
#
#round 289
#2,3,4,5,6,7,8,9,10,11,13,18
#1,12,14,15,16,17,19,20
#
#round 290
#2,3,4,5,6,7,8,10,12,15,17,19
#1,9,11,13,14,16,18,20
#
#round 291
#2,3,4,5,7,8,9,11,13,16,17,20
#1,6,10,12,14,15,18,19
#
#round 292
#1,2,3,4,5,6,7,12,15,17,19,20
#8,9,10,11,13,14,16,18
#
#round 293
#1,2,4,5,6,7,8,9,10,11,12,14
#3,13,15,16,17,18,19,20
#
#round 294
#2,3,5,6,7,8,9,10,11,12,18,20
#1,4,13,14,15,16,17,19
#
#round 295
#1,2,3,4,5,6,7,8,9,12,13,15
#10,11,14,16,17,18,19,20
#
#round 296
#1,2,3,4,5,7,8,9,10,12,13,17
#6,11,14,15,16,18,19,20
#
#round 297
#1,2,3,5,7,8,9,11,12,13,14,16
#4,6,10,15,17,18,19,20
#
#round 298
#1,2,3,4,5,7,8,9,12,13,16,17
#6,10,11,14,15,18,19,20
#
#round 299
#2,3,5,7,8,9,10,11,12,14,15,20
#1,4,6,13,16,17,18,19
#
#round 300
#1,6,9,10,11,12,13,14,17,18,19,20
#2,3,4,5,7,8,15,16
#
#round 301
#1,2,3,4,5,8,9,10,11,12,17,20
#6,7,13,14,15,16,18,19
#
#round 302
#2,3,4,5,6,9,10,11,15,17,18,20
#1,7,8,12,13,14,16,19
#
#round 303
#1,2,3,5,6,10,11,12,15,16,18,19
#4,7,8,9,13,14,17,20
#
#round 304
#1,2,3,4,5,6,7,8,9,10,15,20
#11,12,13,14,16,17,18,19
#
#round 305
#1,2,3,4,5,6,7,8,9,10,19,20
#11,12,13,14,15,16,17,18
#
#round 306
#1,2,3,4,5,6,7,9,11,14,19,20
#8,10,12,13,15,16,17,18
#
#round 307
#1,2,3,4,5,6,7,8,9,10,13,15
#11,12,14,16,17,18,19,20
#
#round 308
#1,2,3,4,5,6,7,8,10,11,16,18
#9,12,13,14,15,17,19,20
#
#round 309
#1,3,4,5,6,7,8,10,11,12,14,17
#2,9,13,15,16,18,19,20
#
#round 310
#1,2,3,4,5,6,7,8,9,11,12,16
#10,13,14,15,17,18,19,20
#
#round 311
#2,3,5,6,7,8,10,12,15,16,17,18
#1,4,9,11,13,14,19,20
#
#round 312
#1,2,3,4,5,6,7,9,11,12,14,15
#8,10,13,16,17,18,19,20
#
#round 313
#1,5,6,7,8,9,10,11,12,13,16,20
#2,3,4,14,15,17,18,19
#
#round 314
#1,4,5,6,8,9,10,11,13,14,15,16
#2,3,7,12,17,18,19,20
#
#round 315
#1,2,3,4,5,7,8,9,10,12,16,19
#6,11,13,14,15,17,18,20
#
#round 316
#1,2,3,4,5,6,7,8,11,12,14,18
#9,10,13,15,16,17,19,20
#
#round 317
#1,3,4,5,6,7,9,11,13,16,17,20
#2,8,10,12,14,15,18,19
#
#round 318
#1,2,3,5,6,9,10,12,14,15,18,19
#4,7,8,11,13,16,17,20
#
#round 319
#1,2,3,4,5,6,8,9,10,11,14,15
#7,12,13,16,17,18,19,20
#
#round 320
#1,2,3,4,6,7,8,9,10,11,16,19
#5,12,13,14,15,17,18,20
#
#round 321
#1,2,3,5,7,8,9,10,12,13,15,20
#4,6,11,14,16,17,18,19
#
#round 322
#1,3,4,5,6,7,9,10,11,12,13,15
#2,8,14,16,17,18,19,20
#
#round 323
#1,2,3,6,7,8,10,12,14,15,17,19
#4,5,9,11,13,16,18,20
#
#round 324
#1,3,4,6,7,8,9,10,11,12,14,19
#2,5,13,15,16,17,18,20
#
#round 325
#1,2,3,4,5,6,7,8,10,11,14,19
#9,12,13,15,16,17,18,20
#
#round 326
#1,2,3,4,6,7,8,9,10,11,16,18
#5,12,13,14,15,17,19,20
#
#round 327
#1,5,6,7,8,10,11,12,13,14,16,19
#2,3,4,9,15,17,18,20
#
#round 328
#1,2,3,5,6,7,8,9,10,12,14,19
#4,11,13,15,16,17,18,20
#
#round 329
#2,3,4,5,6,7,8,9,10,11,12,15
#1,13,14,16,17,18,19,20
#
#round 330
#1,2,4,5,6,7,8,11,12,13,18,20
#3,9,10,14,15,16,17,19
#
#round 331
#1,2,3,4,5,6,7,8,11,12,13,17
#9,10,14,15,16,18,19,20
#
#round 332
#2,4,5,6,9,10,11,12,15,16,18,19
#1,3,7,8,13,14,17,20
#
#round 333
#1,2,4,5,6,7,8,10,11,12,15,20
#3,9,13,14,16,17,18,19
#
#round 334
#1,2,3,4,5,7,8,9,13,16,19,20
#6,10,11,12,14,15,17,18
#
#round 335
#1,2,3,4,5,6,7,8,10,11,15,16
#9,12,13,14,17,18,19,20
#
#round 336
#1,2,4,5,6,7,8,9,10,12,16,19
#3,11,13,14,15,17,18,20
#
#round 337
#1,2,3,5,6,7,8,9,10,11,12,13
#4,14,15,16,17,18,19,20
#
#round 338
#1,2,3,4,5,6,7,8,9,14,15,16
#10,11,12,13,17,18,19,20
#
#round 339
#1,2,4,5,6,7,9,10,11,12,14,18
#3,8,13,15,16,17,19,20
#
#round 340
#1,2,3,4,5,6,7,8,10,11,14,18
#9,12,13,15,16,17,19,20
#
#round 341
#1,2,4,5,6,7,8,10,12,13,15,19
#3,9,11,14,16,17,18,20
#
#round 342
#1,2,3,4,5,6,7,9,10,11,16,19
#8,12,13,14,15,17,18,20
#
#round 343
#1,5,6,7,8,10,11,12,14,16,19,20
#2,3,4,9,13,15,17,18
#
#round 344
#1,3,4,5,7,8,9,10,14,15,16,20
#2,6,11,12,13,17,18,19
#
#round 345
#1,5,6,7,8,9,10,11,12,13,14,20
#2,3,4,15,16,17,18,19
#
#round 346
#1,3,5,7,9,10,11,12,13,14,15,20
#2,4,6,8,16,17,18,19
#
#round 347
#1,2,3,4,5,6,7,9,10,11,13,18
#8,12,14,15,16,17,19,20
#
#round 348
#1,2,3,4,5,6,8,9,10,11,15,16
#7,12,13,14,17,18,19,20
#
#round 349
#1,2,4,5,6,8,9,10,11,12,14,19
#3,7,13,15,16,17,18,20
#
#round 350
#1,2,3,5,7,8,10,11,12,14,16,17
#4,6,9,13,15,18,19,20
#
#round 351
#1,2,4,6,8,9,10,11,12,13,15,18
#3,5,7,14,16,17,19,20
#
#round 352
#1,2,3,4,5,6,8,10,15,17,19,20
#7,9,11,12,13,14,16,18
#
#round 353
#1,2,3,5,6,7,8,9,10,12,19,20
#4,11,13,14,15,16,17,18
#
#round 354
#2,3,4,6,8,9,10,11,15,18,19,20
#1,5,7,12,13,14,16,17
#
#round 355
#5,6,7,8,9,10,11,12,13,14,16,17
#1,2,3,4,15,18,19,20
#
#round 356
#1,4,6,7,8,9,10,11,14,16,18,20
#2,3,5,12,13,15,17,19
#
#round 357
#2,3,4,5,7,8,10,12,13,15,17,19
#1,6,9,11,14,16,18,20
#
#round 358
#1,2,3,4,6,7,8,9,10,11,12,15
#5,13,14,16,17,18,19,20
#
#round 359
#1,2,3,5,6,8,9,10,11,12,13,19
#4,7,14,15,16,17,18,20
#
#round 360
#1,2,3,4,6,7,8,9,10,11,14,18
#5,12,13,15,16,17,19,20
#
#round 361
#2,3,4,5,6,9,11,12,13,15,17,19
#1,7,8,10,14,16,18,20
#
#round 362
#4,5,6,7,8,10,12,13,15,16,17,19
#1,2,3,9,11,14,18,20
#
#round 363
#1,2,4,5,6,7,9,10,11,12,14,19
#3,8,13,15,16,17,18,20
#
#round 364
#1,2,4,5,6,7,8,9,11,13,16,20
#3,10,12,14,15,17,18,19
#
#round 365
#1,2,5,8,9,10,11,12,13,14,19,20
#3,4,6,7,15,16,17,18
#
#round 366
#1,2,3,5,8,9,11,12,14,16,17,20
#4,6,7,10,13,15,18,19
#
#round 367
#1,2,4,5,6,7,8,9,10,12,13,15
#3,11,14,16,17,18,19,20
#
#round 368
#1,2,3,5,6,7,8,9,13,14,15,16
#4,10,11,12,17,18,19,20
#
#round 369
#1,2,4,5,6,7,9,11,13,14,16,19
#3,8,10,12,15,17,18,20
#
#round 370
#1,2,3,4,5,6,7,8,9,10,11,20
#12,13,14,15,16,17,18,19
#
#round 371
#1,2,3,6,7,8,9,10,11,12,15,20
#4,5,13,14,16,17,18,19
#
#round 372
#1,2,3,5,6,7,8,9,10,11,12,20
#4,13,14,15,16,17,18,19
#
#round 373
#1,2,3,4,5,6,8,9,10,11,12,19
#7,13,14,15,16,17,18,20
#
#round 374
#1,2,3,4,5,6,7,9,11,13,18,20
#8,10,12,14,15,16,17,19
#
#round 375
#1,2,3,4,5,6,7,8,11,13,14,15
#9,10,12,16,17,18,19,20
#
#round 376
#1,3,4,5,6,8,9,10,11,12,13,18
#2,7,14,15,16,17,19,20
#
#round 377
#1,3,4,5,6,7,8,9,10,12,13,18
#2,11,14,15,16,17,19,20
#
#round 378
#2,4,5,6,7,8,9,11,13,15,16,20
#1,3,10,12,14,17,18,19
#
#round 379
#1,2,3,4,5,6,7,8,10,11,15,20
#9,12,13,14,16,17,18,19
#
#round 380
#3,4,5,6,7,8,9,10,11,12,13,15
#1,2,14,16,17,18,19,20
#
#round 381
#1,2,4,5,6,8,9,11,13,14,18,20
#3,7,10,12,15,16,17,19
#
#round 382
#1,2,3,4,5,6,7,8,9,10,14,15
#11,12,13,16,17,18,19,20
#
#round 383
#1,3,4,5,6,7,8,9,10,11,12,16
#2,13,14,15,17,18,19,20
#
#round 384
#2,3,4,5,6,7,8,10,13,15,17,19
#1,9,11,12,14,16,18,20
#
#round 385
#1,2,9,10,11,12,14,15,16,17,18,20
#3,4,5,6,7,8,13,19
#
#round 386
#3,4,5,8,10,11,12,13,15,16,18,19
#1,2,6,7,9,14,17,20
#
#round 387
#2,3,5,6,7,8,10,12,13,15,17,19
#1,4,9,11,14,16,18,20
#
#round 388
#1,3,4,5,6,7,8,9,10,11,12,13
#2,14,15,16,17,18,19,20
#
#round 389
#1,3,4,6,7,8,9,10,11,12,16,18
#2,5,13,14,15,17,19,20
#
#round 390
#1,2,3,4,5,7,9,10,11,12,14,19
#6,8,13,15,16,17,18,20
#
#round 391
#1,2,3,4,5,6,8,12,17,18,19,20
#7,9,10,11,13,14,15,16
#
#round 392
#1,3,4,6,7,8,10,12,15,17,19,20
#2,5,9,11,13,14,16,18
#
#round 393
#1,2,3,4,5,6,7,8,11,12,17,20
#9,10,13,14,15,16,18,19
#
#round 394
#1,2,3,4,5,7,8,10,11,12,13,15
#6,9,14,16,17,18,19,20
#
#round 395
#2,4,6,7,8,9,10,12,13,15,17,19
#1,3,5,11,14,16,18,20
#
#round 396
#1,2,3,4,5,8,9,10,11,12,14,15
#6,7,13,16,17,18,19,20
#
#round 397
#1,2,3,4,6,7,8,9,10,11,12,19
#5,13,14,15,16,17,18,20
#
#round 398
#1,2,3,4,6,7,8,9,10,11,12,18
#5,13,14,15,16,17,19,20
#
#round 399
#1,5,6,7,8,10,11,12,14,15,16,20
#2,3,4,9,13,17,18,19
#
#round 400
#1,2,3,4,6,9,11,12,14,15,18,19
#5,7,8,10,13,16,17,20
#
#round 401
#1,2,3,4,5,6,7,9,11,12,16,18
#8,10,13,14,15,17,19,20
#
#round 402
#1,2,5,7,8,10,11,12,13,14,15,20
#3,4,6,9,16,17,18,19
#
#round 403
#1,2,3,5,6,7,8,9,13,16,19,20
#4,10,11,12,14,15,17,18
#
#round 404
#1,2,3,4,5,6,9,11,12,15,18,20
#7,8,10,13,14,16,17,19
#
#round 405
#1,2,4,5,6,7,8,10,11,12,18,20
#3,9,13,14,15,16,17,19
#
#round 406
#2,3,4,5,6,7,8,9,11,13,15,16
#1,10,12,14,17,18,19,20
#
#round 407
#1,3,4,5,6,7,8,9,10,12,19,20
#2,11,13,14,15,16,17,18
#
#round 408
#1,2,3,4,5,7,8,9,10,12,18,20
#6,11,13,14,15,16,17,19
#
#round 409
#1,2,3,4,6,9,10,11,15,16,17,19
#5,7,8,12,13,14,18,20
#
#round 410
#1,5,6,8,9,10,11,12,13,14,16,18
#2,3,4,7,15,17,19,20
#
#round 411
#1,2,3,4,5,7,8,9,10,11,12,16
#6,13,14,15,17,18,19,20
#
#round 412
#1,2,3,4,5,6,7,10,13,15,17,19
#8,9,11,12,14,16,18,20
#
#round 413
#1,2,3,4,5,6,7,8,9,10,11,14
#12,13,15,16,17,18,19,20
#
#round 414
#1,3,4,5,6,7,8,9,10,11,12,20
#2,13,14,15,16,17,18,19
#
#round 415
#1,2,3,4,5,7,8,9,10,11,12,20
#6,13,14,15,16,17,18,19
#
#round 416
#1,2,3,4,5,6,7,9,10,11,15,16
#8,12,13,14,17,18,19,20
#
#round 417
#1,2,3,4,5,6,7,8,9,12,13,17
#10,11,14,15,16,18,19,20
#
#round 418
#1,2,3,4,5,6,7,8,13,15,17,20
#9,10,11,12,14,16,18,19
#
#round 419
#1,5,6,7,9,10,11,12,14,15,16,20
#2,3,4,8,13,17,18,19
#
#round 420
#1,2,3,4,5,6,7,8,11,12,15,20
#9,10,13,14,16,17,18,19
#
#round 421
#1,2,3,4,5,6,7,8,11,14,16,18
#9,10,12,13,15,17,19,20
#
#round 422
#1,4,5,8,10,12,13,14,16,17,18,19
#2,3,6,7,9,11,15,20
#
#round 423
#1,2,3,5,6,7,8,9,11,13,14,16
#4,10,12,15,17,18,19,20
#
#round 424
#1,5,6,7,8,10,12,13,14,15,16,17
#2,3,4,9,11,18,19,20
#
#round 425
#1,2,4,5,6,7,8,10,11,12,13,19
#3,9,14,15,16,17,18,20
#
#round 426
#1,2,3,4,5,6,7,8,9,10,12,19
#11,13,14,15,16,17,18,20
#
#round 427
#1,2,3,4,5,6,8,9,11,12,14,17
#7,10,13,15,16,18,19,20
#
#round 428
#2,3,6,8,9,10,11,12,14,15,18,19
#1,4,5,7,13,16,17,20
#
#round 429
#1,2,3,4,5,6,7,8,9,12,14,17
#10,11,13,15,16,18,19,20
#
#round 430
#1,2,3,4,6,7,8,9,11,12,15,20
#5,10,13,14,16,17,18,19
#
#round 431
#1,2,3,5,7,8,9,10,12,13,16,17
#4,6,11,14,15,18,19,20
#
#round 432
#2,3,4,5,6,7,8,9,10,11,15,16
#1,12,13,14,17,18,19,20
#
#round 433
#2,3,4,5,6,7,8,9,10,11,12,18
#1,13,14,15,16,17,19,20
#
#round 434
#1,3,5,9,10,11,12,13,16,17,18,20
#2,4,6,7,8,14,15,19
#
#round 435
#1,2,3,4,5,6,8,9,10,11,16,18
#7,12,13,14,15,17,19,20
#
#round 436
#1,2,3,4,5,6,8,9,11,12,18,20
#7,10,13,14,15,16,17,19
#
#round 437
#1,2,3,6,7,8,9,10,11,12,15,16
#4,5,13,14,17,18,19,20
#
#round 438
#1,2,3,5,6,7,8,9,10,12,15,20
#4,11,13,14,16,17,18,19
#
#round 439
#1,2,7,8,9,10,11,12,13,14,18,20
#3,4,5,6,15,16,17,19
#
#round 440
#1,3,4,5,6,7,8,9,10,12,14,17
#2,11,13,15,16,18,19,20
#
#round 441
#1,3,4,5,6,7,10,12,15,16,17,18
#2,8,9,11,13,14,19,20
#
#round 442
#1,2,3,4,6,7,8,9,10,11,18,20
#5,12,13,14,15,16,17,19
#
#round 443
#1,4,5,6,7,8,11,12,14,16,19,20
#2,3,9,10,13,15,17,18
#
#round 444
#1,3,4,5,6,8,9,10,11,12,13,19
#2,7,14,15,16,17,18,20
#
#round 445
#1,2,4,5,6,7,8,9,10,12,14,19
#3,11,13,15,16,17,18,20
#
#round 446
#1,2,3,5,6,7,8,10,11,12,15,16
#4,9,13,14,17,18,19,20
#
#round 447
#1,2,3,5,6,8,9,10,11,12,15,16
#4,7,13,14,17,18,19,20
#
#round 448
#1,2,3,5,6,7,8,9,14,16,18,20
#4,10,11,12,13,15,17,19
#
#round 449
#1,2,5,6,8,9,11,12,13,14,16,17
#3,4,7,10,15,18,19,20
#
#round 450
#1,2,3,4,5,6,7,8,9,10,11,12
#13,14,15,16,17,18,19,20
#
#round 451
#1,2,4,5,6,7,8,9,13,16,19,20
#3,10,11,12,14,15,17,18
#
#round 452
#1,2,4,6,7,8,9,10,11,12,18,20
#3,5,13,14,15,16,17,19
#
#round 453
#1,4,5,6,7,9,10,11,12,13,14,15
#2,3,8,16,17,18,19,20
#
#round 454
#1,3,4,5,6,7,8,9,11,13,16,20
#2,10,12,14,15,17,18,19
#
#round 455
#1,2,3,4,5,7,9,10,11,12,13,17
#6,8,14,15,16,18,19,20
#
#round 456
#1,2,3,4,5,7,8,9,10,12,19,20
#6,11,13,14,15,16,17,18
#
#round 457
#1,2,3,4,5,7,8,9,10,11,12,13
#6,14,15,16,17,18,19,20
#
#round 458
#1,2,3,4,5,8,9,10,11,12,13,18
#6,7,14,15,16,17,19,20
#
#round 459
#1,2,3,4,5,7,8,11,14,16,18,20
#6,9,10,12,13,15,17,19
#
#round 460
#1,3,5,7,8,9,10,11,12,13,14,20
#2,4,6,15,16,17,18,19
#
#round 461
#2,3,4,6,7,9,10,11,14,15,18,19
#1,5,8,12,13,16,17,20
#
#round 462
#1,4,5,8,10,12,13,15,16,18,19,20
#2,3,6,7,9,11,14,17
#
#round 463
#1,2,3,4,5,6,7,8,9,10,12,15
#11,13,14,16,17,18,19,20
#
#round 464
#1,6,7,8,9,10,11,12,13,16,19,20
#2,3,4,5,14,15,17,18
#
#round 465
#1,3,4,5,6,7,9,10,11,12,14,15
#2,8,13,16,17,18,19,20
#
#round 466
#1,2,3,4,5,8,9,10,11,12,13,17
#6,7,14,15,16,18,19,20
#
#round 467
#1,3,4,5,6,8,9,10,11,12,15,20
#2,7,13,14,16,17,18,19
#
#round 468
#1,2,3,6,7,8,9,10,11,12,14,18
#4,5,13,15,16,17,19,20
#
